42.6798
42.6798
42.2775
42.1958
42.1481
42.1326
42.1326
42.1326
42.1004
42.1004
42.1004
42.3740
42.3740
42.3740
42.0200
42.0200
42.0200
42.1970
42.1970
42.1970
42.4867
42.3657
42.1410
42.0200
42.0200
42.0200
42.3418
42.3418
42.3418
42.3418
42.4062
42.2211
42.0361
42.0361
42.0361
41.9073
41.9073
41.9073
42.1970
42.1970
42.1246
42.0522
42.0522
42.0522
42.7281
42.7281
42.7281
42.3257
42.3257
42.3257
42.4706
42.4706
42.4706
42.7603
42.7603
42.7603
42.9695
42.9695
42.9695
42.9695
42.2131
42.2131
43.2914
43.2914
43.2914
42.9856
42.9856
42.9856
43.0660
43.0660
43.0660
43.9673
43.9673
43.9673
43.8224
43.8224
43.8224
43.8707
43.8707
43.6374
43.4040
43.4040
43.4040
43.5006
43.5006
43.4442
43.3879
43.3879
43.9270
44.4662
44.4662
44.4662
43.4201
43.4201
43.4201
43.2431
43.2431
43.4201
43.5971
43.5971
43.5971
43.3074
43.3074
43.3074
43.2270
43.2270
43.2270
42.5671
42.5671
42.5671
42.8568
42.8568
42.8568
42.8568
41.9878
42.1809
42.3740
42.3740
42.3740
42.3740
42.2936
42.2936
42.2936
42.6637
42.6637
42.6637
42.5052
42.2107
42.0522
42.1004
42.1004
42.1004
42.2453
42.2453
42.2453
41.9073
41.5572
41.3601
41.3601
41.3601
41.3601
41.7625
41.7625
41.7625
41.4728
41.5935
41.7142
41.7142
41.7142
41.7142
41.4889
41.4889
41.4889
41.2958
41.2958
41.2958
41.3291
41.3911
41.4245
41.2153
41.2153
41.2153
41.1966
41.1529
41.1026
41.0315
40.9491
40.9095
40.9900
40.9900
40.9900
40.7486
40.7486
40.7486
40.6923
40.6359
40.7808
40.7808
40.7808
40.3623
40.3623
40.3623
40.7647
40.7647
40.7647
40.3623
40.3623
40.3623
40.3623
40.4026
40.4428
40.1692
40.1692
40.1692
39.7669
39.7669
39.7669
39.8635
39.8635
39.8635
40.4267
40.4267
40.4267
39.5094
39.6304
39.8551
39.9761
39.9761
39.9761
39.9761
39.9612
39.9117
39.0427
39.0427
39.0427
39.3806
39.3806
39.3806
39.3967
39.3967
39.3967
39.4128
39.4128
39.4128
38.8013
38.8013
38.8013
38.8978
38.8978
38.8978
38.4794
38.4794
38.4794
38.6886
38.6886
38.6886
37.9483
37.9483
37.9483
37.9483
37.1598
37.3126
37.4655
37.4655
37.2965
37.1276
37.1276
37.1276
36.4999
36.4999
36.3953
36.2907
36.2907
36.1700
36.0493
36.0493
36.0493
35.5987
35.5987
35.5987
35.0676
35.0676
34.8825
34.6975
34.6975
34.6975
34.4882
34.4882
34.4882
34.4882
32.2191
31.9750
31.8972
31.8972
31.8972
31.8811
31.8811
31.8811
31.3500
31.3500
31.4788
31.6075
31.6075
31.6075
31.5110
31.5110
31.5110
30.9638
30.9638
30.9638
30.7063
30.7063
30.7063
29.7246
29.7246
29.7246
29.7246
29.7246
29.5797
29.5797
28.9199
28.4954
28.2923
28.2923
28.2923
28.2923
27.8899
27.8899
27.8899
26.8600
26.2854
26.0231
26.0231
26.0231
26.0231
24.9126
24.9126
24.9126
24.9448
24.5988
24.2528
24.2528
24.2528
24.2528
23.9149
23.9149
23.9149
23.0619
23.0619
23.0619
22.3377
22.3377
22.3377
21.8066
21.8066
21.8066
20.7284
20.7284
20.7284
20.6703
20.5121
20.2777
19.6984
19.6984
19.6984
19.1673
19.1673
19.1673
19.0596
18.8088
18.5235
18.2017
18.2017
18.2017
17.4292
17.7430
18.0568
18.0568
18.0568
18.0568
17.4453
17.4453
17.4453
17.6384
17.5579
17.4775
17.4775
17.4775
17.4775
17.7028
17.7028
17.7028
17.4533
17.2039
17.3648
17.3648
17.3648
17.3648
17.0832
16.8016
16.8016
17.0349
17.2683
17.2683
17.0263
16.5768
16.3348
16.3348
16.3348
16.3348
16.2472
16.0845
15.9969
15.9969
15.9969
15.8359
15.8359
15.8359
15.8359
15.4312
14.9991
14.9669
14.9669
14.9669
14.3714
14.3714
14.3714
14.1300
14.1300
14.1300
13.1966
13.1966
13.1966
12.6012
12.6012
12.6012
12.3437
12.3437
12.3437
11.6838
11.4381
11.2757
11.2171
11.2171
11.2171
10.6056
10.6056
10.6056
10.3159
10.3159
10.3159
9.2215
9.2215
9.2215
9.1089
9.1089
9.1089
8.3686
8.3686
8.2801
8.1916
8.1916
8.1916
8.4491
8.4491
8.4491
7.6283
7.6283
7.6444
7.6605
7.6605
7.6605
8.0789
8.0789
8.0789
7.7088
7.7088
7.5478
7.3869
7.3869
7.3869
7.1455
7.1455
7.1455
7.7088
7.7088
7.3145
6.9202
6.9202
6.9202
7.2742
7.2742
7.2742
7.5478
7.5478
7.3145
7.0811
7.0811
7.0811
7.4834
7.4834
7.4834
7.0006
7.0006
6.9121
6.8236
6.8236
7.3145
7.8053
7.8053
7.8053
7.2903
7.2903
7.2903
7.9823
7.9823
7.9823
7.5478
7.5478
7.5478
7.6766
7.6766
7.6042
7.5317
7.5317
7.8375
8.1433
8.1433
8.1433
8.1433
7.9889
7.7022
7.5478
7.9663
7.7570
7.5478
7.5478
7.5478
7.5478
7.3225
7.3225
7.3225
7.7088
7.2581
6.8075
6.8075
6.8075
6.8075
7.2099
7.2099
7.2099
6.9524
6.8821
6.8558
6.8558
6.8558
6.8558
6.2443
6.2443
6.2443
6.3068
6.4231
6.4857
6.3891
6.3891
6.3891
5.9868
5.9868
5.9868
6.1241
6.3831
6.5339
6.5513
6.5623
6.5661
5.9224
5.9224
5.9224
6.4374
6.2121
5.9868
5.9868
5.9868
5.9868
6.7914
6.7914
6.7914
6.2443
6.2443
6.2443
6.3068
6.4231
6.4857
6.2764
6.2764
6.2764
6.4213
6.2603
6.0994
6.0994
6.0994
6.0994
6.3408
6.5822
6.5822
6.6868
6.7914
6.7914
6.8747
7.0366
7.1455
7.1722
7.1938
7.2260
7.2260
7.2260
7.2260
7.2468
7.2856
7.3064
7.2857
7.2364
7.1777
7.1083
7.0167
6.8880
6.9506
7.0668
7.1294
7.1294
7.1294
7.5317
7.5317
7.5317
7.2099
7.2750
7.4295
7.6122
7.8909
8.2236
8.3847
8.3847
8.3847
9.0123
9.0123
9.0123
9.4308
9.7844
10.0895
10.2193
10.2193
10.2193
10.8148
10.8148
10.8148
11.2976
11.6182
11.8710
11.9735
11.9735
11.9735
12.2310
12.2310
12.2310
12.5046
12.7528
12.9729
13.0679
13.0679
13.0679
13.4702
13.4702
13.4702
13.8082
13.8082
13.9852
14.1622
14.1622
14.1622
14.7094
14.7094
14.7094
15.3692
15.3692
15.6670
15.9647
15.9647
16.2866
16.6084
16.6084
16.6084
17.1878
17.1878
17.2441
17.3004
17.3004
17.3004
17.8637
17.8637
17.8637
17.7993
17.7993
17.7993
18.2500
18.2500
18.4511
18.6523
18.6523
18.6523
18.6523
18.8615
18.8615
19.8593
19.8593
19.8593
19.7145
19.7145
19.7145
19.7627
19.7627
19.5777
19.3926
19.3926
19.6099
19.8271
19.8271
19.8271
19.3443
19.3443
19.3443
19.4409
19.4409
19.4409
20.0846
20.0846
20.0846
19.3926
19.3926
19.3926
19.3926
19.6073
19.9559
20.2134
20.2134
20.2134
20.2134
20.2134
20.2134
20.2134
20.2269
20.2618
20.3099
20.3983
20.5415
20.7123
20.9376
20.9376
20.9376
20.9125
20.8660
20.8410
20.8846
21.0104
21.2112
21.8871
21.8871
21.8871
22.3860
22.3860
22.3860
22.3860
22.5147
22.6435
22.6435
22.6435
22.6435
22.8366
22.8366
22.8366
22.3699
22.7159
23.0619
23.0619
23.0619
23.0619
22.9653
22.9653
22.9653
23.0279
23.1442
23.2067
23.0297
23.0297
23.0297
22.8849
22.8849
22.8849
22.9990
23.2277
23.3999
23.4642
23.4642
23.4642
23.6091
23.7539
23.7539
23.8322
24.0178
24.2367
24.5683
24.9631
25.1540
25.1540
25.1540
24.9770
24.9770
24.9770
25.3954
25.7720
26.1050
26.2484
26.2484
26.2484
26.8278
27.0401
27.1798
27.2301
27.2301
27.2301
27.2301
27.8899
27.8899
27.6646
27.7272
27.8434
27.9060
27.9060
27.9060
28.2601
28.2601
28.2601
28.0831
28.0831
28.0831
28.0026
28.0693
28.1933
28.2601
28.2601
28.2601
28.5498
28.5498
28.5498
28.8555
28.9189
28.9561
28.9682
28.9682
28.9682
28.9682
28.9794
29.0165
29.6441
29.9100
30.0918
30.1591
30.1591
30.1591
29.9338
29.9338
29.9338
30.5936
30.5936
30.5936
30.6580
30.6580
30.6580
30.8511
30.8511
30.8511
31.8811
31.8811
31.8811
31.8489
31.8489
31.8489
31.5914
31.5914
31.5914
32.2030
32.2030
32.2030
31.9777
31.9777
32.2513
32.5248
32.5248
32.5248
32.4927
32.4927
32.4927
32.7502
32.7502
32.7502
33.0881
33.0881
33.0881
33.2973
33.2973
33.2973
33.1686
33.1686
33.1686
33.7801
33.7801
33.7801
34.3756
34.3756
33.9893
33.6031
33.6031
34.0135
34.4239
34.4239
34.3354
34.2468
34.2468
34.2468
34.4239
34.4239
34.4239
34.6170
34.6170
34.6170
34.1664
34.1664
34.1664
34.7940
34.7940
34.7940
34.7940
34.2147
34.2147
34.2147
35.0515
35.0515
35.0515
34.8892
34.5660
34.3273
34.2180
34.1350
34.1020
34.5526
34.5526
34.5526
34.4733
34.3261
34.2468
34.2697
34.3319
34.4239
34.6492
34.6492
34.6492
34.5300
34.2857
34.0859
33.9893
34.1744
34.3595
34.3595
34.3595
34.3595
34.0376
34.0376
34.0376
34.0698
34.0215
33.9733
33.9733
33.9733
33.9733
33.6353
33.6353
33.6353
33.6187
33.5843
33.5548
33.5387
33.5387
33.5387
33.4422
33.4422
33.4422
33.3253
33.1084
32.9916
32.9916
32.9916
32.9916
33.0559
33.0559
33.0559
32.8974
32.6029
32.4444
32.4444
32.4444
32.4444
32.2432
32.0420
32.2191
32.2191
32.2191
31.3017
31.1981
31.1417
31.1247
31.1247
31.1247
30.4488
30.4488
30.4488
29.9982
29.7586
29.5833
29.5154
29.5154
29.5154
28.9843
28.9843
28.9843
28.3084
28.3835
28.5229
28.5980
28.5980
28.5980
28.5980
28.0872
27.5359
27.4876
27.4876
27.4876
26.6668
26.6668
26.6668
26.1518
26.1518
26.1518
26.0875
26.0916
26.0994
26.1036
26.1036
26.1036
25.7656
25.7656
25.7656
25.7817
25.7817
25.7817
25.4437
25.4437
25.4437
25.0575
25.0575
25.0575
24.7195
24.4812
24.2828
24.0919
23.8579
23.6307
23.5286
23.5286
23.5286
22.8688
22.8688
22.8688
22.6274
22.6274
22.6274
21.2433
21.2433
21.2433
20.2616
20.2616
20.2616
20.8249
20.8249
20.2616
19.6984
19.6984
19.6984
19.5857
19.5857
19.5857
19.1512
19.1512
18.6443
18.1373
18.1373
18.1373
17.4453
17.4453
16.8901
16.3348
16.3348
16.3348
16.6567
16.6567
16.6567
15.0796
15.0796
15.0796
14.9508
14.9508
14.3956
13.8404
13.8404
13.5829
13.3254
13.3254
13.3254
12.6816
12.6816
12.6816
12.0057
12.0057
12.0057
11.2493
11.2493
11.2493
11.3942
11.3942
11.3942
10.8792
10.8792
10.8792
10.7987
10.7987
10.7987
11.5390
11.5390
11.5390
10.1550
10.1550
10.4366
10.7182
10.7182
10.7182
10.7182
10.1550
10.1550
10.1550
10.3052
10.5841
10.7343
10.7186
10.6672
10.5734
9.8170
9.8170
9.8170
9.8772
10.0412
10.2837
10.8792
10.7907
10.7021
10.7021
10.7021
10.7021
10.6646
10.5948
10.5573
10.7605
11.1925
11.5873
11.8448
11.8448
11.8448
12.0057
12.0057
12.0057
12.2310
12.2310
12.2310
12.3919
12.3919
12.3919
12.4404
12.5533
12.6816
12.8265
12.7299
12.6334
12.6334
12.6334
12.6334
12.9391
12.7943
12.6494
12.6494
12.6092
12.5690
12.5690
12.5690
12.5690
12.3598
12.3598
12.3598
12.4808
12.7055
12.8265
12.8265
12.8265
12.2471
12.2954
12.2954
12.2954
12.2748
12.2292
12.1827
12.1328
12.1023
12.1023
12.0389
11.8931
11.5873
11.5873
11.5873
11.8609
11.8525
11.8370
11.8287
11.8287
11.8287
12.1023
12.1023
12.1023
12.6494
12.8962
13.0679
13.1322
13.1322
13.1322
13.1322
13.6311
13.6311
13.9691
13.9691
13.9691
15.0635
15.0635
15.0635
15.1761
15.1761
15.1761
16.0130
16.0130
16.0130
16.5441
16.5441
16.5441
16.8659
16.8659
16.8659
17.9925
18.0218
18.0366
18.0407
18.0407
18.0407
19.4731
19.4731
19.4731
19.4731
19.5254
19.6662
20.1973
20.1973
20.1973
20.6318
20.6318
20.6318
20.6962
20.6962
21.1146
21.5330
21.5330
21.5330
21.7101
21.7101
21.7101
22.1768
22.1768
22.1768
22.2894
22.2894
22.2894
22.5630
22.5630
22.5630
23.0780
23.0780
23.0780
23.0780
23.3838
23.3838
23.9309
23.9309
23.9309
23.6574
23.6574
23.6574
24.0275
24.0275
24.0275
24.0919
24.0919
24.0919
24.0597
24.0597
24.0597
23.9309
23.9309
23.9309
24.3816
24.3816
24.3816
24.2528
24.2528
24.2528
24.2528
24.2528
24.2528
24.4942
24.4942
24.4942
24.1563
24.1563
24.1563
24.8483
24.8483
24.8483
24.4620
24.4620
24.4620
24.7356
24.7356
24.8644
24.9931
24.9931
24.9931
25.1219
25.1219
25.1219
25.1219
25.0897
25.0897
25.0897
25.1356
25.2208
25.2667
25.1701
25.1701
25.1701
25.8461
25.8461
25.8461
25.8461
25.8461
25.8461
25.7209
25.4884
25.3633
26.0875
26.0875
26.0875
26.2806
26.2806
26.2806
25.9748
26.1679
26.3611
26.3611
26.3611
26.3611
26.2806
26.2806
26.2806
26.3348
26.4356
26.4898
26.3450
26.3450
26.3450
26.4576
26.3530
26.2484
26.2484
26.2484
26.2484
26.5542
26.5542
26.5542
26.3450
26.3450
26.3450
26.2240
25.9993
25.8783
25.8783
25.8783
25.8783
25.9909
25.9748
25.9587
25.9587
25.9587
25.6529
25.6529
25.6529
25.4115
25.4115
25.4115
25.4115
25.3942
25.3517
25.2989
25.2043
25.0844
25.0253
25.0253
25.0253
24.8161
24.8161
24.8161
25.0253
25.0253
25.0253
24.6552
24.6552
24.6552
24.6552
24.6552
24.6552
25.4276
25.6627
25.8107
25.8622
25.8622
25.8622
25.4598
25.4598
25.4598
25.4598
25.7477
26.2824
26.5703
26.5703
26.5703
26.5703
26.5703
26.5703
26.8921
27.0986
27.2622
27.4071
27.5669
27.7132
27.7773
27.7773
27.7773
28.2923
28.2923
28.2923
28.6624
28.6624
28.6624
29.2096
29.2096
29.2096
29.9982
29.9982
29.9982
29.9982
29.5476
29.6924
29.8372
29.8372
29.8372
29.7085
29.7085
29.7085
29.7246
29.7246
29.7246
29.8855
29.8855
29.8855
30.0304
30.0304
30.0304
29.4993
29.4993
29.5476
29.5958
29.5958
29.5958
29.6602
29.6602
29.6602
29.4349
29.4349
29.4349
29.4349
29.1452
29.1452
28.8555
28.8555
28.8555
28.2762
28.2762
28.1072
27.9382
27.9382
27.9382
28.1635
28.1635
28.1635
27.7934
27.7934
27.7934
26.1357
26.1357
26.1357
26.5542
26.5542
26.5542
26.5059
26.5059
26.5059
26.5059
26.3289
26.0028
25.7817
25.7817
25.7817
25.7817
25.6315
25.3525
25.2023
25.6047
25.6047
25.6047
23.4642
23.4642
23.4642
23.9953
24.3528
24.5264
24.5264
24.5264
24.5264
24.8966
24.8966
24.8966
24.3011
24.4137
24.5264
24.5264
24.5264
24.5264
24.2528
24.2528
24.2528
24.5586
24.3655
24.1723
24.1723
24.0356
23.8988
23.8988
23.8746
23.8505
23.8505
23.8505
23.8505
23.8463
23.8386
23.8344
24.1080
24.1080
24.1080
24.0114
24.0114
24.0114
24.1366
24.3690
24.4942
24.4567
24.3869
24.3494
24.3494
24.3494
25.0092
25.0092
25.0092
25.0092
24.9609
24.9126
24.9448
24.9448
24.9448
24.9448
24.9467
24.9521
24.9609
25.1325
25.4401
25.6047
25.6047
25.6047
25.3794
25.3794
25.3794
25.3794
25.3794
25.3794
25.6208
25.6208
25.6208
25.5725
25.5725
25.5725
25.5725
25.1782
24.7839
25.0092
25.0092
25.0092
25.0575
25.0575
25.0575
24.9609
24.9901
25.0444
25.0736
25.0736
25.0736
25.1058
25.1058
25.1058
24.8000
24.8250
24.8715
24.8966
24.8966
24.8966
24.5747
24.5747
24.5747
24.6712
24.5961
24.4567
24.3816
24.3816
24.3816
24.2367
24.2451
24.2606
24.2689
24.2689
24.2689
23.6413
23.6413
23.6413
23.6574
23.6574
23.6574
23.4481
23.4481
23.4481
23.5286
23.5286
23.5286
23.6252
23.6252
23.6252
23.3033
23.3033
23.1987
23.0941
23.0941
23.0941
23.0941
22.9171
22.9171
22.0963
22.0963
22.0963
21.8871
21.8871
21.8871
21.9836
21.9836
21.9836
22.1768
22.1768
22.1768
22.2411
22.2411
22.1526
22.0641
22.0641
22.0641
21.8871
21.8871
21.8871
21.7905
21.7905
21.7905
21.8710
21.8710
21.8710
21.8710
21.2272
21.2272
21.4847
21.4847
21.4847
21.3077
21.3077
21.3077
21.2755
21.2755
21.2755
20.2777
20.2777
20.2777
20.4548
20.4548
20.4548
20.9215
20.9215
20.9215
20.5996
20.5996
20.5996
20.5996
21.2112
21.2112
21.2112
21.1307
21.1307
21.1307
21.2976
21.6075
21.7744
21.7744
21.7744
21.7744
21.7101
21.7101
21.7101
20.8893
20.9858
21.0824
21.0824
21.0824
21.0824
21.1951
21.1951
21.1951
21.4847
21.4445
21.4043
21.4043
21.4043
21.4043
21.6135
21.6135
21.6135
22.0641
21.8871
21.7101
21.7101
21.7101
21.7101
22.0963
22.0963
22.0963
22.0877
22.0612
22.0158
21.7905
21.7905
21.7905
21.8066
21.8066
21.8066
21.5169
21.6618
21.8066
21.8066
21.8066
21.8066
21.3882
21.2176
21.1468
21.2010
21.3018
21.3560
21.3560
21.3560
21.7101
21.7101
21.7101
21.7905
21.7905
21.7905
21.5008
21.5008
21.5008
21.8710
21.8710
21.8710
22.3055
22.3055
22.3055
22.0480
22.0480
22.0480
21.7261
21.7261
21.7261
22.3055
22.3055
22.3055
22.0480
22.0480
22.0480
22.1446
22.1446
22.1446
22.0802
22.0802
22.0802
21.7261
21.7261
21.7261
22.0480
22.0480
22.0480
22.2572
22.2572
22.2572
22.6757
22.6757
22.6757
22.9332
22.9332
22.9332
22.5469
22.7347
23.0834
23.2711
23.2711
23.2711
22.7722
22.7722
22.7722
23.1585
23.2398
23.2877
23.3033
23.3033
23.3033
22.5147
22.5147
22.5147
22.9975
22.9975
22.9975
22.8366
22.7361
22.6585
22.6274
22.6274
22.6274
23.1906
23.1906
23.1906
22.6918
22.6918
22.7159
22.7400
22.7400
22.7400
22.3699
22.3699
22.3699
22.3860
22.3860
22.3860
21.5330
21.5330
21.5330
21.0019
21.0019
21.0019
20.9054
20.9054
20.7364
20.5674
20.5674
20.5674
19.7306
19.7306
19.7306
20.3743
20.3743
20.0444
19.7145
19.7145
19.6018
19.4892
19.4892
19.4892
19.2799
19.2799
19.2799
19.6018
19.6018
19.4248
19.2478
19.2478
19.2478
19.1351
19.1351
19.1351
19.4248
19.4248
18.9178
18.4109
18.4109
18.4109
18.6040
18.6040
18.6040
18.4109
18.4109
18.1051
17.7993
17.7993
17.7993
18.0407
18.0407
18.0407
17.7350
17.7350
17.7108
17.6867
17.6867
17.6867
17.6867
17.3970
17.3970
17.3970
17.9603
17.9603
17.9603
17.9519
17.9364
17.9281
17.9603
17.9603
17.9603
18.4914
18.4914
18.4914
18.9420
19.2840
19.4570
19.4570
19.4570
19.4570
19.6018
19.6018
19.6018
20.2616
20.2375
20.2134
20.2134
20.2134
20.2134
20.5352
20.5352
20.5352
21.4847
21.5944
21.6296
21.6296
21.6296
21.6296
21.6135
21.6135
21.6135
22.8366
23.2734
23.4481
23.4481
23.5769
23.7056
23.7056
23.8585
24.0114
24.0114
24.3413
24.6712
24.6712
24.5747
24.4781
24.4781
24.4781
24.4781
24.5413
24.6712
24.8644
24.7684
24.5902
24.4942
24.4942
24.4942
24.6069
24.6069
24.6069
24.9287
24.9287
24.9287
25.2345
25.2345
25.2345
25.2667
25.2667
25.2667
25.2506
25.2506
25.2506
25.5242
25.5242
25.5242
25.6368
25.6368
25.6368
25.6368
25.4744
25.2667
25.2023
25.2023
25.2023
25.2828
25.2828
25.2828
25.4598
25.4598
25.4598
24.9448
24.9254
24.9154
24.9126
24.9126
24.9126
25.1058
25.1058
25.1058
24.5103
24.5103
24.5103
24.5908
24.5908
24.5908
24.3172
24.3172
24.3172
24.3172
24.5505
24.7839
24.3494
23.9757
23.6511
23.5125
23.5125
23.5125
23.5608
23.5608
23.5608
23.9309
23.9309
23.9309
23.3838
23.3838
23.3838
23.4803
23.4803
23.4803
23.2711
23.2711
23.2711
24.0275
24.0275
24.0275
23.2872
23.2872
23.2872
23.2872
23.5447
23.8022
23.7378
23.7378
23.7378
23.8183
23.8183
23.8183
23.9470
23.9470
23.9229
23.8988
23.8988
23.8988
23.9953
23.9953
23.9953
23.6091
23.6091
23.6091
22.8849
22.8849
22.8849
22.9653
22.9653
22.9653
22.8688
22.8688
22.8688
22.8688
22.7688
22.5630
22.2572
22.2572
22.0882
21.9193
21.9193
21.5652
21.2112
21.2112
21.2112
20.5835
20.5835
20.5835
20.1973
20.1973
20.1973
19.2799
19.2799
18.7408
18.2017
18.2017
18.2017
18.2017
17.8798
17.8798
17.8798
17.1878
17.1878
17.1878
17.0868
16.8177
16.4314
15.5784
15.5784
15.5784
15.4311
15.0692
14.6128
13.9369
13.9369
13.9369
13.2288
13.2288
13.2288
13.1767
13.0316
12.8104
12.1988
12.1988
12.1988
11.6677
11.6677
11.6677
11.6341
11.5290
11.3459
10.3320
10.3320
10.3320
10.6378
10.1952
9.7526
9.7526
9.7526
9.7526
9.7215
9.6297
9.4790
8.8997
8.4043
8.1433
8.1433
8.1433
7.9663
7.7396
7.5087
7.4030
7.4030
7.4030
7.0328
7.0328
7.0328
7.0650
7.0650
7.0650
6.7592
6.7592
6.7592
6.7592
6.8156
6.8719
6.7753
6.7753
6.7753
6.3891
6.3891
6.3891
5.9224
5.9224
5.9224
6.4052
6.4052
6.4052
6.1316
6.1316
6.1316
5.9707
5.9707
5.9707
6.4535
6.3366
6.1197
6.0029
6.0029
6.0029
6.0189
6.0189
6.0189
6.0994
6.0994
6.0994
6.0189
6.0189
6.0189
5.9063
5.9063
5.9063
5.9707
5.9331
5.8634
5.8258
5.8258
5.8258
5.9063
5.9063
5.9063
5.6327
5.6327
5.6327
5.4557
5.4557
5.4557
5.2143
5.0416
4.9017
4.8441
4.8441
4.8441
4.8441
5.0855
5.0855
5.1177
5.1177
5.1177
4.4418
4.4418
4.4418
4.7154
4.7154
4.7154
4.0395
4.0395
4.0395
4.2165
4.2165
4.2165
4.0073
4.0073
4.0073
4.0234
4.0234
4.0234
3.4923
3.4923
3.4038
3.3152
3.3152
3.3152
3.3152
3.5888
3.5888
3.0578
3.0578
3.1543
3.2509
3.2509
3.0899
2.9290
2.9290
2.9290
2.9290
2.9290
2.9290
2.6393
2.6393
2.6393
2.5589
2.5589
2.5589
2.5750
2.5750
2.5750
2.5589
2.5589
2.5589
2.1726
2.1726
2.1726
1.8347
1.8347
1.8347
1.8990
1.8990
1.8990
1.8990
1.8990
1.8990
1.8990
1.7780
1.5533
1.4323
1.6093
1.6093
1.6093
1.8990
1.4001
0.9012
0.9012
0.9012
0.9012
1.4001
1.3358
1.2714
1.2714
1.2714
1.2714
1.2370
1.1454
1.0139
0.7242
0.7242
0.7242
0.7492
0.7957
0.8208
0.7904
0.7207
0.6437
0.5633
0.5633
0.5633
0.5613
0.5558
0.5472
0.5017
0.4200
0.3541
0.3219
0.3219
0.3219
0.2575
0.2575
0.2575
0.2074
0.1144
0.0644
0.2253
0.3433
0.4023
0.3231
0.1758
0.0966
0.0966
0.0966
0.0966
0.1216
0.1681
0.1931
0.1931
0.1931
0.1931
0.1723
0.1335
0.1127
0.1127
0.1127
0.0483
0.0483
0.0483
0.0483
0.0483
0.0483
0.1127
0.1127
0.2092
0.3058
0.3058
0.3058
0.4184
0.4184
0.4184
0.0966
0.0966
0.0966
0.0483
0.0483
0.0483
0.1287
0.1287
0.1287
0.0644
0.0644
0.1448
0.2253
0.2253
0.2253
0.0805
0.0805
0.0805
0.0644
0.0644
0.0644
0.0644
0.1770
0.1770
0.1770
0.1770
0.1770
0.1770
0.0966
0.0966
0.0966
0.1448
0.1448
0.1448
0.1240
0.0852
0.0644
0.1287
0.1287
0.1287
0.0966
0.0966
0.0966
0.0757
0.0370
0.0161
0.1448
0.1448
0.1448
0.0966
0.1127
0.1287
0.1287
0.1287
0.1287
0.1413
0.1645
0.1770
0.1127
0.0597
0.0322
0.0322
0.0322
0.0322
0.0322
0.0966
0.1609
0.1609
0.1046
0.0483
0.0483
0.0402
0.0322
0.0322
0.1287
0.2253
0.2253
0.1207
0.0161
0.0161
0.1368
0.2575
0.2575
0.2575
0.2575
0.2575
0.2494
0.2414
0.2414
0.2575
0.2736
0.2736
0.3541
0.4345
0.4345
0.4345
0.3380
0.3380
0.3380
0.5794
0.5794
0.5794
0.5794
0.5794
0.5794
0.6920
0.6920
0.6920
0.9173
0.9090
0.8935
0.8851
0.8851
0.8851
0.7725
0.7725
0.7725
0.8530
0.8530
0.8530
0.7886
0.7886
0.7886
1.0300
1.0300
1.0300
1.3197
1.3197
1.3197
0.9817
0.9817
0.9817
1.1104
1.1104
1.1104
1.3518
1.3518
1.3518
1.6415
1.6415
1.6415
1.6093
1.6093
1.6093
1.8668
1.8668
1.8668
2.0439
2.2446
2.4393
2.5267
2.5267
2.5267
2.3818
2.3818
2.5750
2.7681
2.7681
2.8888
3.0095
3.0095
3.0095
2.6715
2.6715
2.6715
3.1704
3.1704
3.1704
2.9451
2.9451
2.9451
2.5910
2.5910
2.5910
2.0600
2.0600
2.0600
1.5933
1.5933
1.6174
1.6415
1.6415
1.6415
1.4806
1.4806
1.4806
1.1104
1.1104
1.1507
1.1909
1.1909
1.1909
1.2875
1.2875
1.2875
1.3036
1.3036
1.0622
0.8208
0.8208
0.8208
0.9978
0.9978
0.9978
1.0783
1.0783
1.0783
1.0300
1.0300
1.0300
0.9817
0.9817
0.9817
0.7725
0.7725
0.7725
0.7725
0.8851
0.8771
0.8690
0.8690
0.8690
0.8690
0.7814
0.6187
0.5311
0.5472
0.5069
0.4667
0.4667
0.4667
0.4667
0.4345
0.4345
0.4345
0.2575
0.3058
0.3541
0.3541
0.3541
0.3541
0.0644
0.0644
0.0644
0.1127
0.0966
0.0805
0.0805
0.0805
0.0805
0.1770
0.1770
0.1770
0.1609
0.0824
0.0161
0.0161
0.0161
0.0161
0.0483
0.0483
0.0483
0.0805
0.0920
0.0966
0.0966
0.0966
0.0966
0.1931
0.1931
0.1931
0.1681
0.1216
0.0966
0.0966
0.0966
0.0966
0.0966
0.0966
0.0966
0.0882
0.0727
0.0644
0.1448
0.1207
0.0966
0.0966
0.0966
0.0644
0.0644
0.0644
0.0644
0.0885
0.1127
0.0805
0.0805
0.0805
0.0483
0.0483
0.0483
0.1287
0.1287
0.1287
0.1287
0.1287
0.1287
0.1609
0.1609
0.1609
0.0161
0.0620
0.1472
0.1931
0.1931
0.1931
0.0483
0.0483
0.0483
0.0483
0.0650
0.0960
0.1127
0.1127
0.1127
0.1287
0.1287
0.1287
0.0644
0.0852
0.1240
0.1448
0.1448
0.1448
0.0966
0.0966
0.0966
0.0161
0.0244
0.0399
0.0483
0.0483
0.0483
0.1448
0.1448
0.1448
0.0644
0.0644
0.0644
0.0322
0.0572
0.1037
0.1287
0.1287
0.1287
0.0966
0.0966
0.0966
0.0805
0.0805
0.0563
0.0322
0.0322
0.0322
0.1609
0.1609
0.1609
0.0644
0.0644
0.1368
0.2092
0.2092
0.2092
0.1609
0.1609
0.1609
0.0644
0.0644
0.0724
0.0805
0.0805
0.0805
0.0322
0.0322
0.0322
0.0161
0.0161
0.0322
0.0483
0.0483
0.0483
0.1127
0.1127
0.1127
0.1448
0.1448
0.1448
0.2253
0.2253
0.2253
0.0483
0.0483
0.0483
0.0483
0.1127
0.1127
0.1127
0.2253
0.1207
0.0161
0.0161
0.0161
0.0161
0.0805
0.0805
0.0805
0.1770
0.1770
0.1770
0.1127
0.1127
0.1127
0.2092
0.2092
0.2092
0.0966
0.0617
0.0483
0.0483
0.0724
0.0966
0.0966
0.0966
0.0966
0.1770
0.1770
0.1770
0.1812
0.1889
0.1931
0.1609
0.1609
0.1609
0.0322
0.0322
0.0322
0.0644
0.1391
0.1931
0.1931
0.1931
0.1931
0.0000
0.0483
0.0966
0.0966
0.0644
0.0322
0.0322
0.0322
0.0322
0.0402
0.0483
0.0483
0.1448
0.2414
0.1770
0.1770
0.1770
0.1770
0.1770
0.1770
0.0161
0.0161
0.0161
0.0644
0.0644
0.0644
0.0966
0.0966
0.0966
0.1287
0.1287
0.1287
0.1127
0.1127
0.1127
0.0966
0.0966
0.0966
0.1127
0.1127
0.1127
0.0000
0.0167
0.0477
0.0644
0.0644
0.0644
0.0644
0.0644
0.0644
0.0805
0.0805
0.0805
0.0322
0.0322
0.0322
0.1127
0.1127
0.1127
0.0966
0.0966
0.0966
0.0805
0.0805
0.0805
0.0966
0.0966
0.0966
0.1448
0.1448
0.1448
0.1609
0.1609
0.1609
0.1448
0.1448
0.1448
0.1770
0.1770
0.1770
0.2414
0.2414
0.2414
0.3862
0.3862
0.3862
0.2253
0.2253
0.2253
0.1609
0.1609
0.1770
0.1931
0.1931
0.1127
0.0322
0.0322
0.2575
0.4828
0.4828
0.3219
0.1609
0.1609
0.1609
0.1127
0.1127
0.1127
0.0644
0.0644
0.0724
0.0805
0.0805
0.0805
0.0966
0.0966
0.0966
0.1127
0.1127
0.1127
0.2253
0.2253
0.2253
0.1931
0.1931
0.1931
0.1448
0.1448
0.1448
0.0644
0.0644
0.0644
0.0483
0.0483
0.0483
0.3541
0.3541
0.3541
0.3541
0.3309
0.2827
0.2414
0.2126
0.1876
0.1770
0.2897
0.2897
0.2897
0.2736
0.2736
0.2736
0.2876
0.3231
0.3701
0.4506
0.5331
0.5794
0.5794
0.5794
0.5794
0.5502
0.4959
0.4667
0.7886
0.7886
0.7886
0.7242
0.7242
0.7242
0.7403
0.9402
1.1265
1.1265
1.1265
1.1265
1.3518
1.3518
1.3518
1.2851
1.1611
1.0944
1.2195
1.4520
1.5772
1.5772
1.5772
1.5772
1.5753
1.5698
1.5611
1.4731
1.3204
1.2392
1.2392
1.2392
0.8530
0.8530
0.8530
0.8530
0.8530
0.8530
0.8530
1.0461
1.2392
0.5633
0.6133
0.7063
0.7564
0.7022
0.6014
0.5472
0.5472
0.5472
0.5794
0.5794
0.5794
0.4184
0.4184
0.4184
0.2736
0.2736
0.2736
0.1609
0.1609
0.1609
0.2575
0.2408
0.2098
0.1931
0.1931
0.1931
0.3701
0.3701
0.3701
0.2575
0.1634
0.0826
0.0483
0.0483
0.0483
0.1448
0.1448
0.1448
0.1448
0.1448
0.1448
0.1127
0.1127
0.1127
0.0966
0.0966
0.0966
0.0483
0.0483
0.0483
0.0805
0.0805
0.0805
0.1127
0.1215
0.1269
0.1287
0.1287
0.1287
0.0483
0.0483
0.0483
0.1287
0.1287
0.1287
0.1287
0.1287
0.1287
0.0805
0.0805
0.0805
0.1770
0.1770
0.1770
0.1127
0.1127
0.0966
0.0805
0.0805
0.0805
0.0966
0.0966
0.0966
0.0966
0.0966
0.0966
0.0805
0.0805
0.0805
0.0805
0.0805
0.0805
0.0161
0.0161
0.0161
0.0322
0.0322
0.0322
0.0966
0.0966
0.0724
0.0483
0.0483
0.0483
0.0805
0.0805
0.0805
0.1448
0.1448
0.1448
0.1448
0.0483
0.0644
0.0805
0.0805
0.0805
0.0805
0.0483
0.0483
0.0483
0.0644
0.0644
0.0644
0.0811
0.1121
0.1287
0.1287
0.1287
0.1287
0.0322
0.0322
0.0322
0.0527
0.0947
0.1287
0.1448
0.1448
0.1448
0.0805
0.0805
0.0805
0.1287
0.1287
0.1287
0.1269
0.1215
0.1127
0.0805
0.0588
0.0483
0.0483
0.0483
0.0483
0.0441
0.0364
0.0322
0.0805
0.1030
0.1127
0.1127
0.1127
0.1127
0.1335
0.1723
0.1931
0.1287
0.1287
0.1287
0.0966
0.0644
0.0644
0.0560
0.0405
0.0322
0.0644
0.0966
0.0966
0.0966
0.0966
0.0966
0.1448
0.1931
0.1609
0.1609
0.1609
0.1609
0.1262
0.0805
0.0644
0.0644
0.0644
0.0644
0.0644
0.0644
0.0966
0.0966
0.0966
0.0644
0.0644
0.0644
0.0644
0.0644
0.0644
0.0483
0.0483
0.0483
0.0483
0.0733
0.1198
0.1448
0.1448
0.1448
0.2575
0.2575
0.2575
0.0644
0.0644
0.0644
0.1448
0.1448
0.1448
0.2897
0.2897
0.2897
0.2253
0.2253
0.2253
0.1770
0.2229
0.3082
0.3541
0.3541
0.3541
0.3058
0.3058
0.3058
0.3701
0.3701
0.3701
0.5794
0.5794
0.5794
0.7725
0.7725
0.7725
1.2070
1.2070
1.2070
1.4001
1.4001
1.4001
1.8186
1.8186
1.8186
2.1404
2.1404
2.1404
2.4301
2.4301
2.4301
2.3979
2.3979
2.3979
2.7842
2.7842
2.8807
2.9773
2.9773
2.9773
3.3313
3.3313
3.3313
3.5084
3.5084
3.5084
3.6532
3.6532
3.6532
3.6371
3.6371
3.6371
3.8141
3.8141
3.8141
3.9107
3.9107
3.9831
4.0555
4.0555
4.0555
4.0234
4.0234
4.0234
4.0073
4.0073
4.0073
3.9590
3.9590
3.9590
3.9590
4.1360
4.1360
4.1360
4.0555
4.0555
4.0555
4.1098
4.2105
4.2648
3.7015
3.7015
3.7015
4.2326
4.2326
4.2326
4.2444
4.2741
4.3130
4.3774
4.3774
4.3774
4.5384
4.5384
4.5384
4.9407
5.3986
5.6649
5.6649
5.6649
5.6649
5.7615
5.7615
5.7615
5.8016
5.9204
6.1155
6.8719
6.8719
6.8719
6.7432
6.7432
6.7432
6.7615
6.8155
6.9041
7.2420
7.2420
7.2420
7.7409
7.7409
7.7409
7.7493
7.7648
7.7731
7.4352
7.4352
7.4352
7.5680
7.8536
8.3364
8.3364
8.3364
8.5456
8.5456
8.5456
9.0606
9.0606
9.0606
9.5756
9.5756
9.5756
9.7687
9.9622
10.1409
10.2193
10.2193
10.2193
10.7504
10.7504
10.7504
11.4102
11.5378
11.6117
11.6356
11.6356
11.6356
12.1666
12.1666
12.1666
12.6173
12.6173
12.6173
12.6173
12.7593
13.0518
13.4863
13.4863
13.4863
14.1300
14.3063
14.4149
14.4519
14.4519
14.4519
14.7577
14.7577
14.7577
15.2083
15.3922
15.5166
15.5624
15.5624
15.5624
16.0934
16.0934
16.0934
15.9325
15.9325
15.9325
16.5923
16.5923
16.5923
16.5762
16.5762
16.5762
16.6728
16.6728
16.6728
17.1073
17.1073
17.1073
16.5762
16.5762
16.5762
17.1073
17.1073
17.1073
17.1556
17.1556
17.2119
17.2683
17.2683
17.2683
17.6062
17.6062
17.6062
17.8154
17.8154
17.8315
17.8476
17.8476
17.8476
18.0568
18.0568
18.0568
18.1534
18.1534
18.3063
18.4592
18.4592
18.4592
18.8293
18.8293
18.8293
18.0729
18.0729
18.0729
18.6040
18.6040
18.6040
18.8293
18.8293
18.8293
19.0224
19.0224
19.0224
19.5052
19.5052
19.4972
19.4892
19.4892
19.4892
19.4892
19.7306
19.7306
19.7306
20.0363
20.0728
20.0846
20.0846
20.0846
20.0846
19.8271
19.8271
19.8271
20.8893
20.7927
20.6962
20.6962
20.6962
20.6962
20.7123
20.7123
20.7123
21.1307
21.4700
21.6457
21.6457
21.6457
21.6457
21.8710
21.8710
21.8710
21.9515
22.1383
22.2733
22.2733
22.2733
22.2733
23.7056
23.7056
23.7056
23.6252
23.6252
23.6252
23.7882
24.1444
24.4942
24.7678
24.7678
24.7678
25.1701
25.1701
25.1701
25.4187
25.9105
26.2645
26.3771
26.3771
26.3771
26.2484
26.2484
26.2484
26.3128
26.3128
26.3128
26.0392
26.0392
26.0392
26.4013
26.7634
26.7634
26.4737
26.4737
26.3450
26.3450
26.3450
26.3450
26.8439
27.3428
27.3428
26.9726
26.6025
27.2140
27.2525
27.2726
27.2784
27.2784
27.2784
27.5198
27.5198
27.5198
27.5198
27.7409
28.1516
28.3727
28.3727
28.3727
28.7268
28.7268
28.7268
29.3705
29.5388
29.6415
29.6763
29.6763
29.6763
30.1108
30.1108
30.1108
30.2074
30.4434
30.7483
30.8994
30.8994
30.8994
30.9799
30.9799
30.9799
31.6558
31.6558
31.6558
32.2191
32.2191
32.2191
32.5087
32.5087
32.5087
33.0881
33.0881
33.0881
33.2651
33.2651
33.2651
34.0215
34.0215
34.0215
34.7940
34.7940
34.7457
34.6975
34.6975
34.6975
35.1320
35.1320
35.1320
34.9067
34.9067
34.8423
34.7779
34.7779
34.7779
35.4056
35.4056
35.4056
35.2285
35.2285
35.2688
35.3090
35.3090
35.3090
35.5182
35.5182
35.5182
35.5343
35.5343
35.1722
34.8101
34.8101
34.8101
35.4217
35.4217
35.4217
35.3895
35.3895
35.3895
35.3251
35.3251
35.3251
34.9228
34.9228
34.9228
34.9067
34.9067
34.9067
34.7457
34.7457
34.7457
34.7457
34.7457
34.7457
34.7457
34.5848
34.5848
34.5848
34.4847
34.2987
34.1986
34.1986
34.1986
34.1986
34.1503
34.1503
34.1503
34.0722
33.9118
33.7801
33.7158
33.7158
33.7158
33.9250
33.9250
33.9250
33.8606
33.6281
33.4422
33.4422
33.4422
33.4422
33.4088
33.3468
33.3134
33.6031
33.3858
33.1686
33.1686
33.1686
33.1686
33.1203
33.1203
33.1203
33.1203
33.0479
32.9755
32.9755
32.9755
32.9755
32.4927
32.4927
32.4927
32.7341
32.7341
32.7341
32.6375
32.6375
32.6375
32.6375
32.6375
32.6375
32.6333
32.6256
32.6214
32.7174
32.8956
32.9916
32.8789
32.8789
32.8789
33.0041
33.2365
33.3617
33.2741
33.1114
33.0237
33.0801
33.1364
33.1364
33.1072
33.0529
33.0237
33.2410
33.4583
33.4583
33.4583
33.4583
33.4583
33.1766
32.8950
33.2651
33.2651
33.2651
33.2651
33.0237
32.7823
32.7823
32.8282
32.9135
32.9594
32.8628
32.7662
33.6836
33.6836
33.6836
32.8628
32.8628
32.8628
33.3295
33.1793
32.9004
32.7502
32.7502
32.7502
32.7502
32.4766
32.4766
32.8145
32.6643
32.3854
32.2352
32.2352
32.2352
31.7845
31.7845
31.7845
32.2673
32.1463
31.9216
31.8006
31.8006
31.8006
31.4305
31.4305
31.4305
31.3500
31.4043
31.5050
31.5592
31.5592
31.5592
31.5592
31.4385
31.3178
31.3178
31.2374
31.2374
31.8328
31.8328
31.8328
31.7685
31.7685
31.7685
32.0903
32.0903
32.0903
32.5087
32.5087
32.5087
32.5892
32.5892
32.5892
32.7662
32.7662
32.7662
32.9916
32.9916
32.9916
33.4904
33.4904
33.4904
33.2490
33.2490
33.2490
33.2490
33.6031
33.6031
33.8284
33.8284
33.8284
34.3917
34.3917
34.3917
34.3434
34.3434
34.3836
34.4239
34.4239
34.4239
34.5204
34.5204
34.5204
34.8745
34.8745
34.9228
34.9710
34.9710
34.9710
34.7618
34.7618
34.7618
34.9067
34.9067
34.9067
34.9067
35.1239
35.3412
35.2929
35.2929
35.2929
35.2929
35.2726
35.2309
35.1964
35.1743
35.1558
35.1481
35.1481
35.1481
35.1481
35.0980
35.0050
34.9550
34.9710
34.9710
34.9710
34.8745
34.8745
34.8745
34.8745
34.8745
34.8745
34.5204
34.5204
34.5204
34.7618
34.7618
34.7618
34.5365
34.3185
34.1986
34.1986
34.1986
34.1986
34.5526
34.5773
34.5848
34.5848
34.5848
34.5848
34.6191
34.6927
34.7618
34.8101
34.9389
35.0354
35.0354
34.8503
34.6653
34.6653
34.6653
34.6653
35.3090
35.3090
35.3090
35.4217
35.4217
35.4217
35.2607
35.0998
35.0998
35.1894
35.3251
35.4056
35.4056
35.4056
35.2285
35.2285
35.2285
35.2285
35.3492
35.4699
35.4699
35.4337
35.3617
35.3090
35.2855
35.2677
35.2607
35.2607
35.2607
34.7618
34.7618
34.7618
34.7618
34.9871
34.9791
34.9710
34.9710
34.9710
34.2790
34.2790
34.2790
34.2790
34.3756
34.4721
34.4078
34.4078
34.4078
34.0698
34.0698
34.0698
33.9089
33.9089
33.9089
33.7640
33.7640
33.7640
33.7640
33.7640
33.7640
33.5548
33.5548
33.5548
33.5548
33.7158
33.7158
34.0537
34.0537
34.0537
34.0698
34.0797
34.0879
34.1020
34.1983
34.3567
34.4400
34.4400
34.4400
34.7136
34.7136
34.7136
34.5848
34.5848
34.5848
34.9389
34.9389
34.9389
35.2446
35.2446
35.0596
34.8745
34.8745
34.8745
34.8745
35.6631
35.6631
35.4699
35.4699
35.4056
35.3412
35.3412
35.3412
35.9849
35.9849
35.9849
35.7757
35.7757
35.7757
36.2585
36.2585
36.2585
36.3551
36.3551
36.3551
36.5643
36.5643
36.5643
36.9666
36.9666
36.9666
36.8057
36.8057
36.8057
36.8057
37.3046
37.3415
37.3529
37.3529
37.4736
37.5943
37.5943
37.5943
37.3368
37.3368
37.5219
37.7069
37.7069
37.7069
37.7874
37.7874
37.7874
37.4333
37.4333
37.4333
37.4333
37.5621
37.5621
37.5621
37.6664
37.8601
37.9644
37.5943
37.5943
37.5943
37.5943
37.5943
37.5943
37.5621
37.5621
37.5621
37.5460
37.5003
37.4655
37.4655
37.3448
37.2241
37.2241
37.2241
37.2241
37.3207
37.3207
37.3207
37.1758
37.1758
37.1758
37.1075
36.9390
36.7252
36.4034
36.4034
36.4034
36.6769
36.6769
36.6769
36.1941
36.1941
36.1941
35.8723
35.8723
35.8723
35.3734
35.3895
35.4056
35.4056
35.4056
35.4056
35.0032
35.0032
35.0032
34.7296
34.7296
34.7296
34.3756
34.3271
34.3112
34.3112
34.3112
34.3112
34.1825
34.1825
34.1825
34.2227
34.2629
34.2629
33.4744
33.4744
33.4744
33.4410
33.3790
33.3456
33.3706
33.4171
33.4422
33.4422
33.4422
33.4422
33.4583
33.4744
33.1686
33.1686
33.1686
33.0720
33.0720
33.0720
33.2169
33.2169
33.2169
33.1686
33.0001
32.7598
32.6375
32.6375
32.6375
32.6375
33.1364
33.1364
33.2169
33.2169
33.2169
33.0720
33.0720
33.0720
33.3617
33.3617
33.3617
33.1525
33.1525
33.1525
33.6997
33.6997
33.6997
33.4744
33.4744
33.4744
33.3295
33.3295
33.3295
33.6514
33.6514
33.6514
33.8767
33.8767
33.8767
33.8767
33.4100
33.6031
33.7962
33.7962
33.7962
33.4904
33.4904
33.4904
33.2169
33.2169
33.2732
33.3295
33.3295
33.3295
33.2651
33.2651
33.2651
33.2973
33.2973
33.3295
33.3617
33.3617
33.3376
33.3134
33.3134
33.3134
33.1686
33.1686
33.1686
33.1686
33.4261
33.4261
33.6997
33.6997
33.6997
33.6675
33.6675
33.6675
33.6675
33.7611
33.9572
34.2629
34.2629
34.2629
34.1503
34.1503
34.1503
34.3756
34.3756
34.3756
34.3434
34.3434
34.3434
34.5365
34.5365
34.3917
34.2468
34.2468
34.2468
34.2468
34.1342
34.1342
34.3595
34.3595
34.3595
33.9572
33.9572
33.9572
33.9572
33.9572
33.9572
33.9250
33.9250
33.9250
33.7640
33.7640
33.6111
33.4583
33.4583
33.4583
33.1686
33.1686
33.1686
32.5892
32.5892
32.5892
32.5892
32.2191
32.2191
32.2191
31.8006
31.8006
31.8006
31.7011
31.4835
31.2696
31.1143
30.9626
30.7707
30.4649
30.4649
30.4649
30.3772
30.1822
29.9821
29.8409
29.6942
29.4510
28.6785
28.6785
28.6785
29.0004
28.5819
28.1635
28.1635
27.9141
27.6646
27.6646
27.6646
27.6646
26.9565
26.9565
26.9565
26.9082
26.9082
26.9082
26.7692
26.4549
26.1197
25.7978
25.7978
25.7978
25.3633
24.9567
24.7356
24.7356
24.7356
24.7356
24.0275
24.0275
24.0275
23.9763
23.8572
23.7217
23.5967
23.4450
23.2228
22.7239
22.7239
22.7239
22.1285
21.9270
21.7744
21.5219
21.2547
21.1307
21.1307
21.1307
21.1307
21.0885
20.9698
20.4226
20.4226
20.4226
20.1490
20.1490
20.1490
20.1490
19.6662
19.1834
19.1834
19.2251
19.3026
19.3443
19.0466
18.7489
18.7489
18.4189
18.0890
18.0890
17.8798
17.4994
17.1556
16.9819
16.8524
16.8016
16.8016
16.8016
16.0613
16.0613
16.0613
15.2727
15.2727
15.2727
15.0313
15.0313
15.0313
14.4036
13.8819
13.4347
13.2449
13.2449
13.2449
13.2449
13.1564
13.0679
13.0679
13.0679
13.0679
11.9735
11.2654
10.9185
10.7665
10.7665
10.7665
9.9779
9.9779
9.9779
9.3020
9.3020
9.3020
8.9801
8.9801
8.9801
8.6261
8.6261
8.6261
8.0950
7.7436
7.4669
7.3547
7.3547
7.3547
7.0006
7.0006
7.0006
6.9202
6.9202
6.9202
6.9202
6.9202
6.4696
6.5661
6.5661
6.5661
5.8419
5.8419
5.6729
5.5040
5.5040
5.5040
5.5844
5.5844
5.4557
5.3269
5.3269
5.3269
4.9729
4.9729
4.9729
4.5544
4.5544
4.5544
4.6832
4.6832
4.6832
3.9751
3.9751
4.0797
4.1843
4.1843
4.1843
3.6049
3.6049
3.6049
3.9268
3.9268
3.9268
3.0578
3.0578
3.0578
3.1382
3.1382
3.1704
3.2026
3.2026
3.2026
2.7520
2.7520
2.7520
2.7359
2.7359
2.7359
2.7359
2.7302
2.7102
2.6715
1.9634
1.9634
1.9634
2.4140
2.4140
2.4140
2.0921
1.6542
1.3840
1.3840
1.3840
1.3840
1.4806
1.4806
1.4806
1.4042
1.2419
1.0944
0.9988
0.9136
0.8208
0.7081
0.7081
0.7081
0.6575
0.5426
0.4184
0.2692
0.1078
0.0322
0.2414
0.2414
0.2414
0.2164
0.1699
0.1448
0.2283
0.3833
0.4667
0.0805
0.0805
0.0805
0.0805
0.0805
0.0805
0.1264
0.2116
0.2575
0.1770
0.1770
0.1770
0.1529
0.1287
0.1287
0.1046
0.0805
0.1770
0.1770
0.1770
0.1770
0.1368
0.0966
0.0966
0.0724
0.0483
0.0644
0.0644
0.0644
0.0644
0.0966
0.1287
0.1287
0.1287
0.1287
0.1287
0.1371
0.1526
0.1609
0.1452
0.1127
0.0644
0.0644
0.0644
0.0966
0.0966
0.0966
0.0966
0.1207
0.1448
0.0644
0.0644
0.0644
0.0644
0.0644
0.0644
0.0322
0.0322
0.0322
0.0805
0.0805
0.0805
0.0322
0.0322
0.0322
0.2414
0.2414
0.2414
0.1931
0.1931
0.1931
0.0644
0.0644
0.0644
0.0644
0.1529
0.2414
0.2414
0.1851
0.1287
0.1609
0.1609
0.1609
0.1609
0.1609
0.3460
0.5311
0.4989
0.4989
0.3380
0.3380
0.3380
0.3380
0.2897
0.2897
0.2897
0.2173
0.1448
0.3219
0.3219
0.3701
0.4184
0.4184
0.4184
0.4023
0.4023
0.4023
0.5472
0.5472
0.5472
0.9173
0.9173
0.9173
0.9173
1.0783
1.0783
0.6598
0.6598
0.6598
1.0622
1.0622
1.0219
0.9817
0.9817
0.9817
1.5450
1.5450
1.5450
1.5450
1.2553
1.2553
1.2553
1.2052
1.1122
1.0622
1.1478
1.3157
1.4323
1.4645
1.4645
1.4645
1.2231
1.2231
1.2231
1.3518
1.3518
1.3518
1.1265
1.1265
1.1265
1.0461
1.0461
1.0461
1.0310
0.9874
0.9173
0.6759
0.6759
0.6759
0.5955
0.5955
0.5955
0.6121
0.6431
0.6598
0.4667
0.4667
0.4667
0.6116
0.6116
0.6116
0.3219
0.3219
0.3219
0.3541
0.3541
0.3541
0.6437
0.6116
0.5794
0.5794
0.5794
0.5794
0.5883
0.6114
0.6437
0.7081
0.7886
0.8369
0.8369
0.8530
0.8690
0.8690
0.8690
0.8690
0.9334
0.9978
0.9978
1.3116
1.6254
1.6254
1.7134
1.9408
2.2531
2.8485
2.8485
2.8485
3.1865
3.5245
3.5245
3.6225
3.8564
4.1360
4.5904
4.9085
4.9085
4.9906
5.1835
5.4074
5.6417
5.9309
6.2925
6.9818
7.4834
7.4995
7.4995
7.4995
8.2720
8.2720
8.2720
9.3342
9.3342
9.3342
9.3342
9.4790
9.4790
10.3964
10.8702
11.2135
11.3459
11.3459
11.3459
11.4907
11.4907
11.4907
12.5046
12.8481
13.0697
13.1483
13.1483
13.1483
14.2588
14.2588
14.2588
15.4014
15.4014
15.4014
15.9486
15.9486
15.9486
16.8337
16.8337
16.8337
16.8337
17.7993
17.7993
17.9925
18.2983
18.6371
18.7971
18.7971
18.9259
19.0546
19.0546
19.0546
19.6662
19.6662
19.6662
20.1329
20.1329
20.1329
20.1490
20.1490
20.1490
20.8571
20.8571
20.8571
20.6640
20.6640
20.6640
21.4526
21.4526
21.4526
21.4526
21.1146
21.1146
21.0985
21.0985
21.0985
21.6296
21.6296
21.6296
21.1307
21.1307
21.1307
21.5491
21.5491
21.5491
21.5974
21.5974
21.5974
21.5008
21.5008
21.5008
22.0158
22.0158
22.0158
22.4503
22.4503
22.5389
22.6274
22.6274
22.6274
22.6274
23.2067
23.2067
23.3838
23.3838
23.3838
23.7378
23.7378
23.7378
24.3494
24.3494
24.3494
24.7356
24.7356
24.7356
25.3794
25.3794
25.3794
25.3794
25.2989
25.2989
25.2989
25.5866
26.1353
26.4737
26.5220
26.5220
26.5220
27.0692
27.0692
27.0692
26.7634
26.9002
27.0370
27.0370
27.0370
27.0370
27.5681
27.5681
27.5681
27.4345
27.1866
27.0531
27.6485
27.6485
27.6485
27.5520
27.5520
27.5520
27.7063
27.9930
28.1474
28.0991
28.0991
28.0991
27.9543
27.9543
27.9543
28.1129
28.4073
28.5659
28.1152
28.1152
28.1152
27.9060
27.9060
27.9060
28.1152
28.1512
28.1635
28.1635
28.1635
28.1635
27.4071
27.4071
27.4071
26.8921
26.5068
26.3128
26.3128
26.3128
26.3128
25.1701
24.6518
24.4298
24.4298
23.8102
23.1906
23.1906
23.1906
23.1906
22.4503
22.4503
22.4503
22.0677
21.3238
20.3904
20.3904
20.3904
20.3904
20.0444
19.6984
19.6984
19.3362
18.6040
17.5740
17.5740
17.5740
16.5923
16.5923
16.5923
16.5923
16.1007
15.2083
14.2910
14.2910
14.2910
13.5829
13.5829
13.5829
13.5829
12.9391
12.9391
11.9252
11.5296
11.2652
11.1688
11.1688
11.1688
10.4285
10.4285
10.4285
9.7043
9.7043
9.7043
9.0767
9.0767
9.0767
8.2881
8.2881
8.2881
6.7110
6.7110
6.7110
6.5822
6.5822
6.5822
6.5822
6.3068
5.7954
5.5200
5.5200
5.1338
5.0051
5.0051
5.0051
4.6188
4.6188
4.6188
4.1843
4.1843
4.1843
3.4279
3.4279
3.4118
3.3957
3.3957
3.3957
3.2026
3.2026
3.2026
3.2992
3.2992
3.2750
3.2509
3.2509
3.2509
3.2509
2.6071
2.6071
2.6071
2.8485
2.8485
2.6554
2.6554
2.6554
2.2853
2.2853
2.2853
2.7520
2.7520
2.7520
2.5910
2.5910
2.5910
2.0117
2.0117
2.0117
2.1726
2.1726
2.1726
2.3818
2.3818
2.3818
2.7681
2.7681
2.7681
2.1404
2.1404
2.1404
2.1404
3.0899
3.0899
3.0899
2.6715
2.6715
2.6715
2.4945
2.4945
2.4945
3.1382
2.9612
2.7842
2.7842
2.7842
2.7842
2.9934
2.9934
2.9934
3.6049
3.3152
3.0256
3.0256
3.0256
3.0256
3.4923
3.4923
3.4923
4.4257
4.4257
4.4257
4.4174
4.4019
4.3935
4.4096
4.4096
4.4096
4.6832
4.6832
4.6832
4.5544
4.4581
4.4096
4.4096
4.4096
4.4096
4.6510
4.6510
4.6510
4.7798
4.5062
4.2326
4.2326
4.2326
4.2326
4.7637
4.7637
4.7637
4.6385
4.4060
4.2809
4.3935
4.3935
4.3935
4.1602
3.9268
3.9268
3.7557
3.4380
3.2670
3.2670
3.2670
3.6532
3.6532
3.6532
3.0738
2.9815
2.9293
2.9129
2.9129
2.9129
2.8485
2.8485
2.8485
2.6232
2.6232
2.6232
2.7037
2.7037
2.7037
2.7037
2.3657
2.3657
2.3818
2.3818
2.3818
1.9956
2.0290
2.0910
2.1243
2.1243
2.1243
1.9312
1.9312
1.9312
1.9151
1.8904
1.8634
1.8507
1.8507
1.8507
1.6093
1.6093
1.6093
1.7542
1.6540
1.4681
1.3679
1.3679
1.3679
1.3679
1.3036
1.3036
1.3518
1.3518
1.3518
1.3518
1.3518
1.3518
1.3197
1.3197
1.3197
1.2553
1.2553
1.2794
1.3036
1.3036
1.3036
1.2553
1.2553
1.2553
1.2714
1.2714
1.2714
1.3197
1.3197
1.3197
1.2553
1.2553
1.2553
1.2231
1.2231
1.2231
1.4484
1.4484
1.4484
1.2553
1.2553
1.2553
1.0944
1.0944
1.0944
1.4162
1.4162
1.3840
1.3518
1.3518
1.3518
1.2875
1.2875
1.2875
1.5128
1.5128
1.4162
1.3197
1.3197
1.3197
1.5611
1.5611
1.5611
1.2875
1.2875
1.3197
1.3518
1.3518
1.3518
1.4484
1.4484
1.4484
1.3197
1.3197
1.3197
1.0944
1.0944
1.0944
1.0944
1.3518
1.3518
1.3518
1.1104
1.1104
1.1104
1.0139
0.9298
0.8851
0.8851
0.8851
0.8851
0.7886
0.7886
0.7886
0.8261
0.8959
0.9334
0.9012
0.9012
0.9012
0.9656
0.9656
0.9656
0.8208
0.9334
1.0461
1.0461
1.0461
1.0461
1.0944
1.0944
1.0944
1.2231
1.2070
1.1909
1.1909
1.1909
1.1909
1.4323
1.4323
1.4323
1.7864
1.7461
1.7059
1.7059
1.7059
1.7059
1.6225
1.4675
1.3840
1.8507
1.8507
1.8507
1.8186
1.9232
2.0278
2.0278
2.0278
2.0278
1.9473
1.9473
1.9473
2.0209
2.2089
2.4623
3.0689
3.5406
3.5406
3.8097
4.3506
4.7637
4.9705
5.0694
4.9246
4.9246
4.9246
4.9246
5.1258
5.5309
5.8419
6.0027
6.1288
6.1799
6.1799
6.1799
5.7454
5.7454
5.7454
5.8741
5.8741
5.8741
5.6166
5.6166
5.6166
5.6971
5.6971
5.6971
5.5683
5.5683
5.5683
5.7132
5.7132
5.7132
5.4396
5.4396
5.4396
5.0533
5.0533
5.0533
4.9085
4.9085
4.9085
5.3591
5.3591
5.3591
4.4096
4.1777
4.0380
3.9912
3.9912
3.9912
4.3774
4.3774
4.3774
4.9407
5.0874
5.1683
5.2786
5.5486
5.8857
6.0511
6.0511
6.0511
6.7592
7.3171
7.7856
7.9823
7.9823
7.9823
8.3042
8.3042
8.3042
8.9640
8.9640
8.9640
9.0767
9.0767
9.0767
9.7204
9.7204
9.7204
10.6860
10.6860
10.6860
11.5873
11.5873
12.2712
12.9552
12.9552
12.9552
13.0035
13.0035
13.0035
14.6128
14.6128
14.6048
14.5968
14.5968
14.5968
15.0474
15.0474
15.0474
15.9808
15.9808
15.9808
15.0313
15.0313
15.0313
16.6245
16.6245
16.6245
17.8798
17.8798
17.8798
18.7971
18.7971
18.7971
19.4570
19.4570
19.4570
19.6340
19.6340
19.6340
19.6340
21.7905
21.7905
22.7239
22.7239
22.7239
24.1723
24.1723
24.1723
24.8805
24.8805
24.8805
25.5886
25.5886
25.5886
26.1518
26.1518
26.1518
26.7956
26.7956
26.7956
26.8278
26.8278
26.8278
28.1313
28.1313
28.1313
28.1313
28.2648
28.5128
28.6463
28.2923
28.2923
28.2923
27.7934
27.7934
27.7934
27.4876
28.1394
28.7912
28.7912
28.7912
28.7912
28.7107
28.5493
28.4371
28.4371
28.4371
28.4371
29.4993
29.4993
29.4993
28.8555
28.9441
29.0326
29.0326
29.0326
29.0326
29.2096
29.2096
29.2096
29.8533
29.8533
29.8533
29.5636
28.8660
28.3566
28.3566
28.3566
28.3566
28.5486
28.9050
29.0969
29.0177
28.8704
28.7912
28.9682
28.9682
28.9682
27.8095
27.8095
27.8095
27.9847
28.3101
28.4854
27.3910
27.3910
27.3910
28.3566
28.3566
28.3566
28.2440
28.0348
27.9221
27.9221
27.9221
28.4049
28.4049
28.4049
28.2923
28.2923
28.2923
28.6946
28.6946
28.6946
28.6946
28.7992
28.9038
28.5980
28.5980
28.5980
28.5980
28.6272
28.6815
28.7107
28.7107
28.7107
28.8073
28.8073
28.8073
28.9843
28.6338
27.9829
27.6324
27.6324
27.6324
28.4210
28.4210
28.4210
28.3566
28.4025
28.4878
28.5337
28.5337
28.5337
28.4049
28.4049
28.4049
29.7890
29.8184
29.8332
29.8372
29.8372
29.8372
29.4188
29.4188
29.4188
29.8211
29.8211
29.8211
30.6902
30.3689
29.7723
29.4510
29.4510
29.4510
29.1613
29.1613
29.1613
28.4693
28.4693
28.1716
27.8738
27.8738
27.8738
26.0070
26.0070
25.0736
24.1402
24.1402
23.4481
22.7561
22.7561
22.7561
21.9193
21.9193
21.9193
21.8066
21.8066
22.4021
22.9975
22.9975
22.9975
24.1241
24.1241
24.1241
24.5103
24.5103
24.5103
25.0575
25.0575
25.0575
25.6047
25.6047
25.6047
26.1036
26.1036
26.1036
26.1679
26.1679
26.1679
26.1518
26.1518
26.1518
25.7656
25.7656
25.7656
25.7656
25.7656
25.7656
25.7656
25.7656
25.7656
26.6185
26.6185
26.6185
27.0370
27.0370
27.1416
27.2462
27.2462
27.3267
27.4071
27.4071
27.3991
27.3910
27.3910
27.1899
26.9887
26.9887
26.9887
26.9887
26.8760
26.4651
26.1357
26.1357
25.9990
25.8622
25.8622
25.8622
25.8622
26.5381
26.5381
26.5381
27.3588
28.1113
28.5176
28.5176
28.5176
28.5176
30.7063
32.4492
33.3456
33.3456
33.3456
33.3456
33.7158
33.7158
33.7158
33.5548
33.2662
33.0720
33.0720
33.0720
33.0720
32.9695
32.6775
32.2191
30.7868
30.7868
30.7868
30.6902
30.7063
30.7224
30.7224
30.6178
30.5132
30.5132
30.5132
30.5132
28.1474
28.1474
28.1474
28.0537
27.8170
27.5037
26.8566
26.2645
26.1197
26.1197
26.1197
25.7173
25.7173
25.7173
24.9448
24.9448
24.9448
24.9609
24.9609
24.9609
24.6230
24.3583
24.1366
24.0436
24.0436
24.0436
23.4803
23.4803
23.4803
23.0619
22.6991
22.3824
22.2411
22.2323
22.2269
22.2250
22.2250
22.2250
22.1285
22.7168
23.8094
24.3977
24.3267
24.1950
24.1241
24.1241
24.1241
24.3655
24.3655
24.3655
24.7517
24.7517
24.7517
23.4803
23.4803
23.4803
24.1884
24.1126
23.9439
23.7700
23.5836
23.3916
23.3033
23.3033
23.3033
24.0758
24.0758
24.0758
23.4320
23.4320
23.4562
23.4803
23.4803
23.4803
23.6895
23.6895
23.6895
23.5769
23.5769
23.7298
23.8827
23.8827
23.8827
23.3838
23.3838
23.3838
23.7539
23.7539
23.7539
23.4481
23.4481
23.4481
23.6252
23.6252
23.6252
23.8344
23.8344
23.8344
23.4481
23.4481
22.9895
22.5308
22.5308
22.5308
22.7400
22.7400
22.7400
22.0963
22.0963
22.0963
22.0963
22.4021
22.4021
22.0480
22.0480
22.0480
22.0963
22.0963
22.0963
22.6274
22.6274
22.6274
21.6779
21.6779
21.6779
21.6296
21.6296
21.4928
21.3560
21.3560
21.3560
20.9698
20.9698
20.9698
21.2112
21.2112
20.8088
20.4065
20.4065
20.4065
20.4065
20.1490
20.1490
20.1490
19.7145
19.9720
20.2295
20.2295
20.2295
20.2295
17.3648
17.3648
17.3648
17.4496
17.6488
17.8798
18.1534
18.1534
18.1534
18.4270
18.4270
18.4270
18.2620
17.9326
17.6867
17.5702
17.4809
17.4453
17.4453
17.4453
17.4453
17.3756
17.2272
17.0912
16.9803
16.8784
16.8337
17.3004
17.3004
17.3004
17.3648
17.3085
17.2522
17.5109
17.9913
18.2500
18.2500
18.0005
17.7511
17.7511
17.6143
17.4775
17.4775
17.7430
18.0086
18.0086
18.0086
18.0086
18.1051
18.1051
18.1051
17.6587
16.8296
16.3831
16.3831
16.3831
16.1256
16.1256
16.1256
16.8659
17.8675
18.9108
19.3926
19.3926
19.3926
20.2616
20.2616
20.2616
21.3399
21.8214
22.1500
22.4343
22.7629
23.0608
23.1906
23.1906
23.1906
24.7356
24.7356
24.7356
25.1058
25.1058
25.1058
26.1197
26.1197
26.1197
26.7312
27.0716
27.3243
27.4232
27.4232
27.4232
27.8417
27.8417
27.8417
28.4693
28.4693
28.4693
29.2257
29.2257
29.2257
29.7890
29.7890
29.7890
30.1269
30.3735
30.5748
30.6580
30.6580
30.6580
30.6580
30.8157
31.1086
31.4305
31.4305
31.4305
31.6558
31.8668
32.0563
32.1386
32.1386
32.1386
32.0742
32.0742
32.0742
32.3639
32.3639
32.7984
33.2330
33.2330
33.2169
33.2008
33.2008
33.2008
33.3456
33.3456
33.3456
33.9733
33.9733
33.9733
33.9733
34.0376
34.0376
34.4078
34.4078
34.4078
34.5365
34.5365
34.5687
34.6009
34.6009
34.6009
35.7596
35.7596
35.7596
35.9849
35.9849
35.9849
37.1115
37.1115
37.1115
37.5138
37.5138
37.5138
38.4150
38.4150
38.4150
38.2702
38.2702
38.2702
38.2702
38.1093
38.1093
38.0610
38.0610
38.2058
38.3507
38.3507
38.3507
38.1093
38.1093
38.1093
39.0749
39.0749
38.8093
38.5438
38.5438
38.5438
38.4955
38.4955
38.4955
38.4955
38.3787
38.1617
38.0449
38.1033
38.2118
38.2702
37.7874
37.7874
37.7874
37.6426
37.6426
37.6426
37.5621
37.1285
36.7574
36.7574
36.7574
36.7574
37.5460
37.5460
37.5460
37.4959
37.4029
37.3529
38.4794
38.4794
38.4794
39.0105
39.0105
39.0105
40.0083
40.7765
41.1670
41.1670
41.1670
41.1670
41.7142
41.7142
41.7142
42.5028
42.5028
42.5028
41.1468
38.6284
37.2724
37.2724
36.5723
35.8723
35.8723
36.0574
36.2424
36.2424
36.1378
36.0332
36.0332
36.1941
36.3551
36.2665
36.0886
35.9527
35.8836
35.8297
35.8079
35.8079
35.8079
35.4699
35.5784
35.7799
35.8884
35.8091
35.6619
35.5826
35.5826
35.5826
35.4378
35.4378
35.4378
35.4056
35.2589
35.0372
34.9228
34.9228
34.9228
34.9389
34.9389
34.9389
35.0837
35.0837
35.0837
34.9550
34.9550
34.9550
34.4721
34.4721
34.4721
34.2790
34.5043
34.9228
35.1481
35.1481
35.1481
35.5665
35.5226
35.4179
35.2929
35.0970
34.8606
34.7457
34.7457
34.7457
33.4261
33.4261
33.4261
33.4100
33.4100
33.4100
33.0237
32.9593
32.9227
32.9111
32.9111
32.9111
32.2995
31.7272
31.1915
30.7707
30.4246
30.1354
30.0143
30.0143
30.0143
29.3705
29.3705
29.3705
28.0670
28.0670
28.0670
26.8439
26.8439
26.8439
25.6368
25.6368
25.6368
24.2206
24.2206
23.3033
22.3860
22.3860
22.3860
21.0824
21.0824
21.0824
20.1973
20.1973
20.1973
19.3926
19.3926
19.3926
19.3443
19.3443
19.3443
19.0224
19.0224
17.7108
16.3992
16.3992
16.3992
14.3875
14.3875
14.3875
14.0335
14.0335
14.0335
13.8082
13.8082
13.8082
14.5485
14.5485
14.5485
15.3370
15.3370
15.0554
14.7738
14.7738
14.6370
14.5002
14.5002
14.5002
14.5002
14.5544
14.6552
14.7094
14.5002
14.5404
14.5807
14.5807
14.5807
14.5807
14.8864
14.8864
14.8864
14.7798
14.5515
14.3393
14.1944
14.1944
14.1944
13.6633
13.6633
13.6633
13.8761
14.2713
14.4841
14.4358
14.8301
15.2244
15.2244
15.2244
15.2244
15.4658
15.9500
16.2866
16.2866
16.2866
16.2866
16.8659
17.5812
18.0086
18.0086
18.4028
18.7971
18.7971
19.1431
19.4892
19.4892
20.1168
20.7444
20.7444
20.8410
20.9376
20.9376
21.3077
21.6779
21.6779
21.7905
21.9032
21.9032
21.9032
21.9032
22.7722
23.1872
23.3677
23.3677
23.3677
24.4137
24.4137
24.4137
25.2828
25.2828
25.2828
25.8300
25.8300
25.8300
26.5542
26.5542
26.5542
26.9082
26.9082
26.9082
26.9726
26.9726
26.9726
27.0853
27.0853
27.0853
27.2623
27.2623
27.2623
26.9243
26.9243
26.9243
26.9243
26.9243
26.9243
26.8921
26.8921
26.8921
26.2001
26.1903
26.1854
26.1840
26.1840
26.1840
25.0253
24.9578
24.9227
24.9126
24.9126
24.9126
23.7861
23.7861
23.7861
23.5447
23.1030
22.5862
22.3377
22.3377
22.3377
22.3377
22.1226
21.7583
21.4526
21.4526
21.4526
20.7444
20.7444
20.7444
20.4065
20.4065
20.4065
19.4731
19.4731
19.4731
19.6340
19.6340
19.6340
20.2295
20.2295
20.2295
19.2478
19.2478
19.2478
19.1512
19.1512
19.6340
20.1168
20.1168
20.1168
19.8754
19.8754
19.8754
19.3443
19.3443
19.7949
20.2455
20.2455
20.2455
19.9559
19.9559
19.9559
20.6801
20.6801
20.5352
20.3904
20.3904
20.3904
21.3399
21.3399
21.3399
19.9559
19.9559
20.2295
20.5030
20.5030
20.9778
21.4526
21.4526
21.4526
21.4526
21.2112
21.2112
21.2112
21.0824
21.4123
21.7422
21.7422
21.7422
21.7422
21.6135
21.6135
21.6135
21.8549
21.9464
21.9836
21.9836
21.9836
21.9836
22.1768
22.1768
22.1768
24.2206
24.6713
24.8322
24.8322
24.8322
24.8322
25.2989
25.2989
25.2989
23.9792
23.5725
23.4160
23.4160
23.4079
23.3999
23.3999
23.3999
23.3999
23.0136
23.0136
23.0136
24.8644
24.8644
24.8644
25.0789
25.6154
26.3128
27.4393
27.4393
27.4393
28.2762
29.5344
30.3361
30.3361
31.4868
32.6375
32.6375
32.6375
32.6375
33.0076
33.2954
33.4422
33.4422
33.6192
33.7962
33.7962
33.8606
33.9250
33.9250
33.9330
33.9411
33.9411
33.9250
33.9089
33.9089
34.3193
34.7296
34.7296
34.4721
34.2147
34.2147
34.2147
34.3434
34.3434
34.4480
34.5526
34.5526
34.5526
34.3756
34.3756
34.3756
34.0054
34.0054
34.0054
33.6514
33.6514
33.6514
34.1020
34.1020
34.1020
34.3917
34.3917
34.3917
34.2629
34.2629
34.2629
33.6514
33.6514
33.6514
33.8284
33.8284
33.8284
32.9594
33.0929
33.3408
33.4744
33.4744
33.4744
33.1203
32.9926
32.9089
32.8789
32.8789
32.8789
32.7823
32.7823
32.7823
32.7984
32.7984
32.7984
32.9594
32.9594
32.9594
32.4444
32.4444
32.4444
32.1869
32.1869
32.1869
32.8145
32.6685
32.3973
32.2513
32.2513
32.2513
32.1225
32.1225
32.1225
31.9938
31.9938
31.9938
31.5592
31.5592
31.5592
32.0099
32.0099
32.0099
32.0903
32.0903
32.0903
32.3800
32.3800
32.3800
32.4605
32.4605
32.4605
32.6858
32.6858
32.6858
32.9916
32.9916
32.9916
32.5570
32.5570
32.5570
33.0237
33.0237
33.0237
32.7823
32.7823
32.7823
32.9433
32.9433
32.9433
33.4744
33.4744
33.4744
33.1525
33.1525
33.1525
33.3134
33.3134
33.3134
33.4904
33.4904
33.4904
33.4904
33.2490
33.4422
33.6353
33.6353
33.6353
33.6353
33.3939
33.3939
33.3939
33.4537
33.6064
33.8123
34.1825
34.1825
34.1825
33.9572
33.9572
33.9572
34.3619
35.1135
35.5182
34.9871
34.7710
34.6814
34.6814
34.6814
34.6814
35.2124
35.2124
35.2124
35.1707
35.0932
35.0515
35.0837
35.0837
35.0837
35.3251
35.2124
35.0998
35.0998
35.0998
35.0998
35.4217
35.3814
35.3412
35.3412
35.2607
35.1803
35.1803
34.9710
34.7618
34.7618
34.9067
35.0515
35.0515
34.9550
34.8584
34.8584
34.6733
34.4882
34.4882
34.6894
34.8906
34.8906
34.6206
34.3112
34.2429
34.1984
34.1825
34.1825
34.1825
34.1342
34.1550
34.1938
34.2147
34.1062
33.9047
33.7962
33.7962
33.7962
33.7962
33.7962
33.7962
33.9572
33.8195
33.5638
33.4261
33.4261
33.4261
33.2973
33.2973
33.2973
33.4583
33.4165
33.3391
33.2973
33.2973
33.2973
32.9433
32.9433
32.9433
33.3939
33.3939
33.3939
34.2951
34.2951
34.2951
33.9250
33.9250
33.9250
34.2307
34.2307
34.2307
34.1503
34.1503
34.1503
35.2124
35.2124
35.2124
35.5021
35.5021
35.5021
35.3895
35.3895
35.3895
34.9550
34.9550
34.9550
34.7618
34.7618
34.9228
35.0837
35.0837
35.0837
35.2607
35.2607
35.2607
36.0171
36.0171
36.0171
35.5987
35.5987
35.5987
37.4012
37.4012
37.4012
37.8196
37.8196
37.8196
38.1254
38.1254
38.1254
39.1232
39.1232
39.1232
39.8313
39.8313
39.8313
38.2219
38.4973
39.0087
39.2841
39.1551
38.9010
38.7208
38.6491
38.5965
38.5760
38.9890
39.7562
40.1692
40.1233
40.0381
39.9922
39.9922
39.9922
39.3806
39.3806
39.3806
39.0910
39.0910
39.0910
37.8035
37.9203
38.1373
38.2541
38.2541
38.2541
37.0793
37.0793
37.0793
36.9505
36.9505
36.9344
36.9184
36.9184
36.9184
35.4217
35.4217
35.4217
34.7618
34.7618
34.7296
34.6975
34.6975
34.6975
35.7274
35.7274
35.7274
35.9045
35.9045
36.3068
36.7091
36.7091
36.7091
37.0632
37.0632
37.0632
36.1459
36.1459
36.2585
36.3712
36.3712
36.3712
36.2746
36.2746
36.2746
36.2746
36.2746
36.2746
36.6287
36.6287
36.6287
36.4195
36.4195
36.4195
36.6930
36.6930
35.9447
35.1964
35.1964
35.1964
35.9045
35.9045
35.9045
35.5182
35.5182
35.5182
35.5182
35.4927
35.4135
35.2768
34.5687
34.5687
34.5687
34.3434
34.3434
34.3434
34.2307
34.0634
33.9572
33.9572
33.9572
33.9572
34.2147
34.2147
34.2147
34.2856
34.4173
34.4882
33.8606
33.8606
33.8606
32.7984
32.7984
32.7984
32.8652
32.9892
33.0559
31.3983
31.3983
31.3983
30.2879
30.2879
30.2879
30.4416
30.7956
31.1891
31.6075
31.6075
31.6075
32.2834
32.2834
32.2834
32.0903
32.4122
32.7341
32.7341
32.7341
32.7341
31.9616
32.3639
32.7662
32.7662
33.4261
34.0859
34.0859
34.5204
34.9550
34.9550
35.1400
35.3251
35.3251
35.5585
35.7918
35.7918
36.0413
36.2907
36.2907
36.2666
36.2424
36.2424
36.5965
36.9505
36.9505
37.1195
37.2885
37.2885
37.4333
37.5782
37.5782
37.5782
37.5299
37.5299
37.5299
37.6426
37.6426
37.6426
37.0954
37.1079
37.1311
37.1437
37.1437
37.1437
37.8840
37.8840
37.8840
37.1758
37.1758
37.1758
37.3046
37.3046
37.3046
37.2724
37.2724
37.2724
37.6747
37.6747
37.6747
37.5943
37.5943
37.5943
37.6265
37.8324
38.1622
38.3346
38.3346
38.3346
37.9161
37.9161
37.9161
37.7391
37.7391
37.7391
37.4816
37.4816
37.4816
37.1919
37.1919
37.1919
37.1598
37.1598
37.1598
36.6769
36.6769
36.6769
36.4677
36.4677
36.4677
36.4677
36.4677
36.4677
36.1459
36.1459
36.1459
35.9045
35.9045
35.7596
35.6148
35.6148
35.6148
34.7457
34.7457
34.7457
34.5043
34.5043
34.5043
34.7296
34.7296
34.7296
33.9733
33.9733
33.9733
33.4744
33.4744
33.4744
32.8145
32.8145
32.8145
32.4122
32.4122
32.4122
32.3961
32.3961
32.3961
31.4144
31.4144
31.4144
31.2696
31.2696
31.2696
31.2535
31.2535
31.2535
30.0465
30.0465
30.0465
30.3039
30.3039
30.3039
30.4166
30.4166
30.4166
30.8994
30.8994
30.8994
29.9338
29.9338
29.9338
31.3500
31.3500
31.9294
32.5087
32.5087
32.5087
33.6353
33.6353
33.6353
34.2468
34.2468
34.9308
35.6148
35.6148
35.6148
37.9322
37.9322
37.9322
37.9322
40.0244
40.0244
40.0244
41.2636
41.2394
41.2153
41.2153
41.2153
41.2153
41.3601
41.3601
41.3601
41.6820
41.6820
41.6820
41.7649
41.9371
42.0843
42.1648
42.1648
42.1648
37.0310
37.0310
37.0310
34.0537
32.3560
31.5753
31.5753
30.6017
29.6280
29.6280
28.0991
26.5703
26.5703
26.5703
26.5703
26.5285
26.4511
26.4093
26.4093
25.9185
25.4276
25.4276
24.7115
23.9953
23.9953
23.7620
23.5286
23.5286
23.3274
23.1263
23.1263
23.1263
23.1263
23.2222
23.4005
23.4964
23.4964
23.4401
23.3838
23.3838
23.4884
23.5930
23.5137
23.3665
23.2872
23.2872
23.2872
23.3677
23.3677
23.3677
23.2711
23.1791
23.0929
23.0297
22.9842
22.9480
22.9332
22.9332
22.9332
22.9171
22.9171
22.9171
22.9010
22.9010
22.9010
22.9492
22.9492
22.9492
22.8044
22.8044
22.8044
22.5469
22.5469
22.5469
22.6918
22.6918
22.6918
22.7400
22.7400
22.7400
22.7722
22.7722
22.7722
23.7217
23.7217
23.7217
23.0619
23.0725
23.0974
23.1263
23.1676
23.2158
23.2389
23.2389
23.2389
23.3516
23.3516
23.3516
23.5769
23.7352
23.8626
23.9149
23.9149
23.9149
23.9149
23.9649
24.0579
24.1080
24.1080
24.1080
23.4481
23.4481
23.4481
22.6113
22.6113
22.6113
21.4204
21.4204
21.4204
20.0685
20.0685
20.0685
19.9720
19.9720
19.9720
20.2455
20.2455
20.2455
20.0524
20.0524
20.0524
20.4709
20.4709
20.4709
19.9237
19.9237
19.9237
19.6662
19.6662
19.7467
19.8271
19.8271
20.4306
21.0341
21.0341
21.0341
21.0019
21.0019
21.0019
22.0158
22.0158
22.0158
22.2089
22.2089
22.2089
22.6274
22.6274
22.6274
22.9492
22.9492
22.9492
23.4160
23.4160
23.1906
22.9653
22.9653
22.9653
22.4825
22.4825
22.4825
22.4825
22.7078
22.7078
22.7078
22.7162
22.7317
22.7400
22.7400
22.7400
22.7400
23.1746
23.1746
23.1746
23.1704
23.1626
23.1585
23.1772
23.2317
23.3194
23.6252
23.6252
23.6252
23.6413
23.6413
23.6413
23.1102
22.4642
22.0802
22.0802
21.7181
21.3560
21.3560
21.1468
20.9376
20.9376
21.1146
21.2916
20.9662
20.3618
20.0363
20.0363
20.0363
20.0363
20.5352
19.9478
19.3604
19.3896
19.4439
19.4731
19.4731
19.3524
19.2317
19.2901
19.3986
19.4570
19.4570
19.3845
19.3121
19.3121
19.2918
19.2638
19.2487
19.2366
19.2317
19.2317
19.2317
18.8937
18.8937
18.8937
18.9098
18.9098
18.9098
18.9098
18.6523
18.3948
18.7489
18.7489
18.7489
17.3165
17.3165
17.3165
17.0751
17.0751
17.0751
16.7372
16.7372
16.7372
16.9786
16.9786
16.9786
16.8498
16.8498
16.8498
16.6245
16.6245
16.6245
16.7694
16.7694
16.7694
16.9625
17.0857
17.1814
17.2200
17.2200
17.2200
17.4292
17.4292
17.4292
17.3487
17.3487
17.3487
17.3487
17.2945
17.1938
17.1395
17.1395
17.1395
16.9142
16.9893
17.1288
17.2039
17.1997
17.1920
17.1878
17.1878
17.1878
17.1073
17.1073
17.1073
17.4292
17.4292
17.4292
18.1373
18.1373
18.1373
17.7993
17.7993
17.7993
18.3304
18.3304
18.3304
18.0729
18.0729
18.0729
18.0407
18.0407
18.0407
17.8798
17.8798
17.9603
18.0407
18.0407
18.0407
17.4775
17.4775
17.4775
17.0108
17.0108
16.7935
16.5762
16.5762
16.5762
16.4958
16.4958
16.4958
15.8038
15.8038
15.5624
15.3210
15.3210
15.3210
14.9347
14.9347
14.9347
14.1300
14.1300
14.1300
13.6633
13.6633
13.6633
13.1805
13.1805
13.1805
12.9552
12.9552
12.9552
12.1023
12.1023
12.1023
11.9735
11.9735
11.9735
10.7021
10.7021
10.7021
10.7021
10.4916
10.0700
9.7526
9.6376
9.5578
9.4308
9.0928
9.0928
9.0928
9.1411
8.7226
8.3042
8.3042
8.3042
8.3042
8.0789
8.0789
8.0789
7.9412
7.6855
7.5478
7.5961
7.5961
7.5961
6.8719
6.8719
6.8719
5.8419
5.4107
5.2304
5.2304
5.2304
5.2304
5.1338
5.1338
5.1338
4.7637
4.6261
4.5705
4.5705
4.5705
4.5705
4.7315
4.2981
3.7659
3.5862
3.4597
3.4118
3.4118
3.3152
3.2187
3.2187
3.0497
2.8807
2.8807
2.8807
2.8807
2.6971
2.3562
2.1726
2.1726
1.8990
1.6254
1.6254
1.6254
1.6254
1.5629
1.4466
1.3840
1.3840
1.3840
1.5128
1.5128
1.5128
1.0461
1.0461
1.0461
0.7564
0.7564
0.7564
0.6276
0.6276
0.6276
0.5794
0.5794
0.5794
0.5794
0.5110
0.3701
0.1609
0.1609
0.1609
0.0805
0.0888
0.1043
0.1127
0.1127
0.1127
0.3380
0.3380
0.3380
0.2414
0.2414
0.2414
0.5150
0.4816
0.4196
0.3862
0.3862
0.3862
0.3380
0.3380
0.3380
0.3380
0.3338
0.3260
0.3219
0.3219
0.3219
0.2897
0.2897
0.2897
0.1931
0.1931
0.1931
0.2253
0.2253
0.2253
0.2736
0.2551
0.2151
0.1770
0.1432
0.1109
0.0966
0.0966
0.0966
0.0644
0.0644
0.0644
0.1448
0.1448
0.1448
0.0966
0.0966
0.0966
0.1609
0.1609
0.1609
0.0805
0.0805
0.1529
0.2253
0.2253
0.2253
0.3380
0.3380
0.3380
0.1609
0.1609
0.1609
0.0322
0.0322
0.0322
0.1931
0.1931
0.1931
0.1609
0.1609
0.1690
0.1770
0.1770
0.1770
0.1609
0.1609
0.1609
0.0644
0.0644
0.0644
0.1287
0.1287
0.1287
0.1448
0.1448
0.1448
0.2092
0.2092
0.2092
0.0805
0.0805
0.2173
0.3541
0.3541
0.3541
0.0322
0.0322
0.0322
0.1609
0.1609
0.1127
0.0644
0.0644
0.0644
0.2414
0.2414
0.2173
0.1931
0.1931
0.1931
0.1931
0.1287
0.1287
0.1287
0.2736
0.2736
0.2736
0.2402
0.1782
0.1448
0.1938
0.2893
0.3541
0.3701
0.3701
0.3701
0.3735
0.3841
0.4023
0.4989
0.4989
0.4989
0.5472
0.5472
0.5472
0.5086
0.4270
0.3541
0.2978
0.2472
0.2253
0.2253
0.2012
0.1770
0.1770
0.1609
0.1448
0.1448
0.1207
0.0966
0.0966
0.0966
0.0966
0.0966
0.1207
0.1448
0.1448
0.1869
0.2414
0.2650
0.2827
0.2897
0.2897
0.2897
0.3058
0.3058
0.3058
0.3058
0.3701
0.4345
0.3701
0.3701
0.3701
0.2736
0.2184
0.1772
0.1609
0.1609
0.1609
0.1127
0.1127
0.1127
0.3862
0.3028
0.1478
0.0644
0.0644
0.0644
0.1931
0.1931
0.1931
0.0322
0.0530
0.0918
0.1127
0.1127
0.1127
0.1127
0.2334
0.3541
0.3058
0.3058
0.3058
0.1931
0.1436
0.1093
0.0966
0.0966
0.0966
0.2092
0.2092
0.2092
0.1448
0.1448
0.1448
0.1931
0.1931
0.1931
0.1931
0.1931
0.1931
0.2897
0.2897
0.2897
0.2253
0.2253
0.2253
0.0966
0.0966
0.0966
0.1931
0.1848
0.1693
0.1609
0.1609
0.1609
0.1609
0.1609
0.1609
0.2575
0.2575
0.2575
0.1127
0.1127
0.1127
0.1931
0.1931
0.1931
0.0805
0.0805
0.0805
0.1127
0.1127
0.0966
0.0805
0.0805
0.0805
0.0805
0.0483
0.0483
0.0966
0.0966
0.0966
0.0966
0.0966
0.0966
0.1127
0.1127
0.1287
0.1448
0.1448
0.1448
0.0805
0.0805
0.0805
0.0805
0.0805
0.0805
0.1127
0.1127
0.1127
0.1287
0.1287
0.1287
0.0644
0.0644
0.0644
0.0644
0.1368
0.2092
0.1770
0.1770
0.1770
0.1931
0.1931
0.2253
0.2575
0.2575
0.3460
0.4345
0.4345
0.4345
0.4667
0.4667
0.4667
1.3358
1.3358
1.7622
2.1887
2.1887
2.1887
2.1887
3.5406
3.5164
3.4923
3.4923
3.4923
3.4923
3.8135
4.4102
4.7315
4.7315
4.7315
4.7315
5.5844
5.5844
5.5844
5.6917
5.9134
6.0994
6.1960
6.1960
6.1960
6.2282
6.2282
6.2282
6.0946
5.8467
5.7132
6.5178
6.5178
6.5178
5.7615
5.7615
5.7615
5.8324
5.9641
6.0350
5.5683
5.5683
5.5683
5.3752
5.1338
4.9890
4.9890
4.9890
4.9890
5.0125
5.0790
5.1821
5.4879
5.4879
5.4879
5.6810
5.6810
5.6810
5.7756
6.0311
6.4052
7.2903
7.2903
7.2903
7.0328
7.3386
7.6444
7.6444
7.6444
7.6444
6.7753
6.8156
6.8558
6.8558
7.0650
7.2742
7.2742
7.2742
6.4213
6.4213
6.4213
6.4696
6.4696
6.4696
7.0167
7.0167
7.0167
7.1133
7.1133
7.1133
7.1616
7.1616
7.1616
7.0650
7.0650
7.0650
5.8097
5.8097
5.8097
5.8097
5.9465
6.0833
5.5361
5.5737
5.6434
5.6810
5.6810
5.6810
5.0372
5.0372
5.0372
5.1821
5.1487
5.0867
5.0533
5.0533
5.0533
4.8602
4.8602
4.8602
5.4074
5.3448
5.2286
5.1660
5.1660
5.1660
5.8580
5.8580
5.8580
5.2947
5.2753
5.2653
5.2626
5.2626
5.2626
5.6005
5.6005
5.6005
6.0189
6.0189
6.0189
6.1316
6.1316
6.1316
5.9707
5.9707
5.8982
5.8258
5.8258
5.8822
5.9385
5.9385
5.9385
5.1660
5.1660
5.1660
5.4557
5.4557
5.4557
6.2282
6.2282
6.2282
7.0972
7.0972
7.0972
6.9363
6.9363
6.9363
7.0972
7.0972
7.0972
8.3042
8.3042
8.3042
9.1250
9.1250
9.1250
9.3503
9.3503
9.3503
9.3503
9.4790
9.4790
9.4790
10.2837
10.2837
10.2837
10.2850
10.2900
10.2998
11.0401
11.0401
11.0401
11.6838
12.2975
12.6334
12.6334
12.6334
12.6334
12.5416
12.3711
12.2793
12.5368
12.5368
12.5368
12.9230
12.9230
12.9230
13.0273
13.2211
13.3254
13.3254
13.3736
13.4219
13.4219
13.2690
13.1162
13.1162
13.1162
13.1162
15.1278
15.1278
15.1278
15.6911
15.6911
15.6911
16.0791
16.7998
17.1878
17.1878
17.1878
16.9625
16.9625
16.9625
17.4453
17.8028
18.0961
18.2178
18.2178
18.2178
18.1534
18.1534
18.1534
17.2522
17.2522
17.2522
18.5075
18.5075
18.5075
19.3926
19.3926
19.3926
20.3743
20.3743
20.3743
21.4526
21.4526
21.4526
21.4686
21.4686
21.4686
22.9492
22.9492
22.9492
23.5125
23.5125
23.5125
23.5125
23.5125
23.5125
24.9931
24.9931
24.9931
25.3472
25.7695
26.1878
26.3771
26.3771
26.3771
26.3771
26.7298
27.4715
28.6463
28.9955
29.2143
29.2901
29.2901
29.2901
29.9982
29.9982
29.9982
30.3522
30.3522
30.3522
31.5914
31.5914
31.5914
32.2673
32.2673
32.2673
33.0720
33.0720
33.0720
34.2790
34.2790
34.2790
34.6492
34.6492
34.6492
34.6492
35.2768
35.4189
35.4699
35.4699
35.4699
36.8057
36.8057
36.8057
37.4494
37.4494
37.5782
37.7069
37.7069
37.7069
37.8518
37.8518
38.2622
38.6725
38.6725
38.9300
39.1875
39.1875
39.1875
39.5577
39.5577
39.5577
40.1853
40.1853
40.1853
40.1853
40.3003
40.5877
41.3923
41.3923
41.3923
41.6820
41.6820
41.6820
41.8108
41.8108
41.8108
41.9878
41.9878
41.9878
42.6476
42.6476
42.6476
42.8407
42.8407
42.8407
43.8868
43.8868
43.8868
43.9673
43.9673
43.9673
44.3535
44.3535
44.3535
44.3535
44.5145
44.5145
45.1743
45.1743
45.1743
45.2869
45.2869
45.2869
45.2869
45.7858
45.7858
45.7858
45.9307
45.9307
45.9307
46.0755
46.4033
46.6388
46.6388
46.6388
46.6388
46.4135
46.4135
46.4135
46.6710
46.6710
46.6710
46.8558
47.2088
47.4274
47.4596
47.4596
47.4596
47.9102
47.9102
47.9102
47.9132
47.9235
47.9424
48.1194
48.1194
48.1194
48.1033
47.9599
47.8297
47.8745
47.9800
48.1033
48.2850
48.4990
48.6022
48.6022
48.6022
48.1516
48.1516
48.1516
48.1355
48.1355
48.1355
48.1355
47.9424
47.7492
48.2964
48.2964
48.2964
48.3286
48.3571
48.3822
48.3930
48.3930
48.3930
47.8458
47.8458
47.8458
48.1516
48.3251
48.4547
48.5056
48.5056
48.5056
48.6505
48.6505
48.6505
48.6827
48.5366
48.2654
48.1194
48.2404
48.4651
48.5861
48.5861
48.5861
48.5378
48.5378
48.5378
49.0045
48.9503
48.8496
48.7953
48.7953
48.7953
48.0389
48.0389
48.0389
47.8297
47.8297
47.8297
47.2664
47.2664
47.2664
47.6366
47.6366
47.6366
47.6366
47.6366
47.6366
47.7492
47.7492
47.7492
47.7492
48.0389
48.0389
47.7653
47.7653
47.8378
47.9102
47.9102
47.9102
47.9263
47.9263
47.9263
47.7814
47.7814
47.5561
47.3308
47.3308
47.3308
46.9768
46.9768
46.9768
47.0411
47.0411
47.0411
47.2986
47.2986
47.2986
47.4113
47.4113
47.4113
47.4113
47.1055
47.1055
46.9446
46.9446
47.0009
47.0572
47.0572
47.0572
46.9124
46.9124
46.9124
47.2825
47.2825
47.2584
47.2342
47.2342
47.2342
46.6549
46.6549
46.6549
46.9285
46.9285
46.9285
47.0572
47.0572
47.0572
47.0572
46.4618
46.4618
46.4618
46.5744
46.0514
45.5283
45.5283
45.5283
45.5283
44.5145
44.5145
44.5145
44.7720
44.1282
43.4845
43.4845
43.4845
43.4845
44.0960
44.1924
44.2248
44.2248
44.7961
45.3674
45.3674
45.4076
45.4479
45.4479
45.6651
45.8824
45.8824
45.7864
45.6249
45.4623
45.2977
45.2226
45.2226
45.1099
44.9973
44.9973
44.9973
44.9973
45.0557
45.1642
45.2226
45.2226
45.2065
45.1904
45.1904
45.2869
45.3835
45.1206
44.6325
44.3696
44.3696
45.0134
45.6571
45.6571
45.4720
45.2869
45.2995
45.3227
45.3352
45.3352
45.1260
44.9168
44.9168
44.9570
44.9973
44.9973
44.9973
44.1121
44.1121
44.1121
44.1926
44.1926
44.1926
43.4040
43.6961
44.2385
44.5305
44.5305
44.5305
44.2891
44.2891
44.2891
42.9212
42.9212
42.9212
43.2753
43.2753
43.2753
42.6637
42.6637
42.6637
41.6820
41.7363
41.8370
41.8912
41.8912
41.8912
41.4889
41.4889
41.4889
42.0683
41.8722
41.5080
41.3119
41.3119
41.3119
40.8773
40.8773
40.8773
41.3119
41.1658
40.8946
40.7486
40.7486
40.7486
41.4406
41.4406
41.4406
40.8291
40.7023
40.6280
40.6037
40.6037
40.6037
40.9578
40.9578
40.9578
40.7647
40.7647
40.7647
40.2175
40.2175
40.2175
40.3784
40.3784
40.3784
39.5094
39.5094
39.5094
39.7025
39.7025
39.7025
39.9278
39.9278
39.9278
39.4933
39.4933
39.4933
39.4933
39.6060
39.6060
38.6564
38.6564
38.6564
38.4472
38.4472
38.4472
37.9001
37.9001
37.9001
37.6908
37.6908
37.6908
37.6265
37.6265
37.6265
36.9666
36.9666
36.9666
36.8218
36.8218
36.8218
36.5965
36.5965
36.5965
35.9206
35.9206
35.9206
35.2768
35.2768
34.9710
34.6653
34.6653
34.2468
33.8284
33.8284
33.8284
33.6514
33.6514
33.6514
33.6514
33.3885
32.9004
32.6375
32.7502
32.7502
32.7502
31.8328
31.8328
31.8328
31.2052
30.5380
30.1591
30.1591
30.1591
30.1591
29.4510
29.4510
29.4510
29.5958
29.5958
29.5958
29.4607
29.1182
28.6624
27.8738
27.8738
27.8738
27.2301
27.2301
27.2301
27.0924
26.8367
26.6990
26.6990
26.6990
25.9265
25.9265
25.9265
25.6208
25.1682
24.6688
24.3816
24.2976
24.2412
24.2206
24.2206
24.2206
23.6574
23.6574
23.6574
23.4803
23.4803
23.4803
21.9193
21.9193
21.9193
21.9675
21.9675
21.9675
21.6940
21.6940
21.6940
20.6962
20.6962
20.6962
20.4065
20.0838
19.7731
19.6340
19.6340
19.6340
19.0546
19.0546
19.0546
18.1051
18.1051
18.1051
17.6062
17.6062
17.6062
16.9464
16.9464
16.9464
16.4153
16.4153
16.4153
16.2544
16.0223
15.7745
15.6589
15.6589
15.6589
15.1439
15.1439
15.1439
15.1117
15.1117
15.1117
14.3232
14.3232
14.3232
14.1461
14.1461
14.1461
13.9047
13.9047
13.9047
13.9047
13.7325
13.3254
12.3919
12.3919
12.3919
12.3276
12.3276
12.3276
11.1367
11.1367
11.1367
10.2837
10.2837
10.2837
10.0745
10.0745
9.6158
9.1572
9.1572
9.1572
8.6261
8.6261
8.6261
8.4008
8.4008
8.4008
7.7249
7.7249
7.7249
7.7249
7.2903
7.2903
6.2925
6.2925
6.2925
5.7775
5.7775
5.7775
5.2304
5.2304
5.2304
4.1682
4.1682
4.1682
4.3613
4.3613
4.3613
4.3613
3.8785
3.8785
3.8785
3.2348
3.2348
3.2348
2.7198
2.7198
2.7198
2.7615
2.8390
2.8807
2.1404
2.1404
2.1404
2.0904
1.9974
1.9473
2.1243
2.1082
2.0921
2.0921
2.0921
2.0921
1.8585
1.4246
1.1909
1.3518
1.1990
1.0461
1.0461
1.0461
1.0461
1.1909
1.1426
1.0944
1.0944
1.0944
1.0944
1.0788
1.0382
0.9817
0.8690
0.8690
0.8690
0.8774
0.8929
0.9012
0.7564
0.7564
0.7564
0.9656
0.9656
0.9656
1.0300
1.1625
1.2553
1.2553
1.0702
0.8851
0.8851
0.8851
0.8851
0.8716
0.8402
0.8047
0.7566
0.7020
0.6759
0.6759
0.6759
0.6759
0.7242
0.7725
0.5794
0.5794
0.5794
0.5472
0.5472
0.5472
0.6116
0.6116
0.6116
0.3862
0.3494
0.3285
0.3219
0.3219
0.3219
0.1287
0.1287
0.1287
0.1287
0.1204
0.1049
0.0966
0.0966
0.0966
0.0322
0.0322
0.0322
0.1448
0.2271
0.2941
0.3219
0.3219
0.3219
0.0161
0.0161
0.0161
0.0805
0.0680
0.0447
0.0322
0.0322
0.0322
0.0644
0.0644
0.0644
0.1127
0.1218
0.1271
0.1287
0.1287
0.1287
0.0966
0.0966
0.0966
0.2092
0.2092
0.2092
0.0966
0.0966
0.0966
0.2575
0.2575
0.2575
0.1127
0.1127
0.1127
0.2253
0.2253
0.2253
0.0644
0.0644
0.0644
0.2575
0.2575
0.2575
0.0644
0.0644
0.0644
0.2414
0.2414
0.2414
0.0966
0.0966
0.0966
0.0483
0.0483
0.0483
0.0483
0.0644
0.0644
0.2736
0.2736
0.2736
0.0644
0.0644
0.1287
0.1931
0.1931
0.1931
0.0644
0.0644
0.0644
0.0644
0.2575
0.2334
0.2092
0.2092
0.2012
0.1931
0.1931
0.1931
0.1931
0.0805
0.0805
0.0805
0.0644
0.0644
0.0644
0.0560
0.0405
0.0322
0.0739
0.1514
0.1931
0.1805
0.1536
0.1287
0.1081
0.0889
0.0805
0.0805
0.0805
0.0805
0.1931
0.1207
0.0483
0.0483
0.0724
0.0966
0.0966
0.1287
0.1609
0.1609
0.1448
0.1287
0.1287
0.1287
0.1287
0.1127
0.0925
0.0805
0.0805
0.0885
0.0966
0.0966
0.0805
0.0644
0.0644
0.0885
0.1127
0.1127
0.1127
0.0966
0.1383
0.2158
0.2575
0.2575
0.2575
0.1127
0.1127
0.1127
0.1127
0.1252
0.1484
0.1609
0.1609
0.1609
0.1609
0.1629
0.1685
0.1770
0.2273
0.3103
0.3541
0.3541
0.3541
0.2092
0.2092
0.2092
0.1448
0.1448
0.1448
0.0966
0.0966
0.0966
0.1609
0.1609
0.1609
0.1448
0.1448
0.1448
0.2253
0.2253
0.2253
0.0805
0.0805
0.0805
0.0805
0.1207
0.1609
0.1127
0.1127
0.1127
0.1770
0.1770
0.1770
0.0966
0.0966
0.0966
0.2092
0.2092
0.2092
0.2253
0.2253
0.2253
0.0322
0.0322
0.0322
0.1448
0.1448
0.1448
0.1127
0.1127
0.1127
0.1931
0.1931
0.1931
0.1931
0.0483
0.0483
0.1931
0.1931
0.1931
0.1127
0.1127
0.1127
0.0644
0.0644
0.0724
0.0805
0.0805
0.0805
0.0322
0.0322
0.0322
0.1931
0.1931
0.1368
0.0805
0.0805
0.0805
0.1127
0.1127
0.1127
0.0966
0.0966
0.0966
0.0966
0.1287
0.1046
0.0805
0.0805
0.0805
0.1287
0.1287
0.1287
0.0805
0.0805
0.1287
0.1770
0.1770
0.1770
0.0483
0.0483
0.0483
0.2736
0.2736
0.2092
0.1448
0.1448
0.1448
0.0161
0.0161
0.0161
0.0644
0.0644
0.0644
0.0644
0.0161
0.0161
0.1609
0.1609
0.1609
0.0805
0.0805
0.0805
0.0805
0.0805
0.0805
0.1127
0.1127
0.1127
0.1127
0.2575
0.2173
0.1770
0.1770
0.1770
0.1770
0.0966
0.0966
0.0966
0.2736
0.2575
0.2414
0.2414
0.2414
0.2414
0.1448
0.1448
0.1448
0.0644
0.0644
0.0644
0.0644
0.0966
0.1287
0.1287
0.1287
0.1287
0.1448
0.1448
0.1448
0.2092
0.2092
0.2092
0.1800
0.1258
0.0966
0.2414
0.2414
0.2414
0.2247
0.1937
0.1770
0.1770
0.1770
0.1770
0.0805
0.2012
0.3219
0.3219
0.3219
0.3219
0.1770
0.1307
0.1127
0.1127
0.0644
0.0161
0.0161
0.0161
0.1127
0.1127
0.1127
0.0805
0.0805
0.0805
0.3701
0.3701
0.3701
0.1127
0.1127
0.1127
0.3219
0.3219
0.3219
0.3219
0.3370
0.3862
1.0461
1.4729
1.8147
2.1565
2.6089
3.0613
3.2670
3.2670
3.2670
4.1199
4.1199
4.1199
5.3108
5.6369
5.8377
5.9063
5.9063
5.9063
6.6466
6.6466
6.6466
7.1294
7.1294
7.1294
7.4030
7.4030
7.4030
7.4030
7.7389
8.4491
9.5917
9.5917
9.5917
10.1871
10.1871
10.1871
10.3642
10.3642
10.3642
10.7504
10.7504
10.7504
11.0079
11.0079
11.0079
12.2632
12.2632
12.2632
11.3459
11.3459
11.3459
12.5851
12.5851
12.5851
12.4241
12.4241
12.4241
12.4241
11.8609
11.8609
12.0057
12.0057
12.0057
11.4746
11.4746
11.4746
10.3320
10.3320
10.3561
10.3803
10.3803
10.3803
10.6700
10.6700
10.6700
10.7021
10.7021
10.7021
10.8470
10.8470
10.8470
10.8631
10.8631
10.8631
11.1528
11.1528
11.1528
11.1528
10.7721
10.3642
10.3320
10.3320
10.3320
9.6722
9.6722
9.6722
9.8814
9.8814
9.8814
9.5595
9.5595
9.5595
8.9480
8.9480
8.9480
8.4651
8.4651
8.3525
8.2398
8.2398
8.2398
8.2398
7.4674
7.3238
7.2742
7.2742
7.2742
7.2742
7.0968
6.7297
6.4213
6.2603
6.7592
7.2581
7.2581
6.9524
6.6466
6.6466
6.6466
6.6466
6.6466
6.6466
6.6466
6.2764
6.2764
6.2764
6.2668
6.2358
6.1799
5.7775
5.7775
5.7775
5.7615
5.7615
5.7615
5.7168
5.6150
5.5040
5.3913
5.3913
5.3913
5.0372
4.7414
4.5866
4.5866
4.5866
4.5866
4.2648
4.6591
5.0533
5.0533
4.5223
3.9912
3.9912
3.8624
3.7337
3.7337
3.8866
4.0395
4.0395
4.1360
4.2326
4.2326
4.1038
3.9751
3.9751
3.9751
3.9751
3.9751
3.9751
3.5245
3.5245
3.5245
3.0899
3.0899
3.0899
3.2670
3.2670
3.2670
3.3313
3.3313
3.3313
3.0256
3.0381
3.0613
3.0738
3.0738
3.0738
2.9129
2.9129
2.9129
2.8164
2.8164
2.8164
2.4140
2.4140
2.4140
2.4140
2.4028
2.3657
1.8025
1.8025
1.8025
1.8025
1.8025
1.8025
1.9956
1.9956
1.9956
1.8668
1.8668
1.8668
1.8829
1.8829
1.8829
1.7059
1.7059
1.7059
1.5450
1.6117
1.7357
1.8025
1.8025
1.8025
2.6554
2.6554
2.6554
2.6554
2.2128
1.7703
2.9773
2.9773
3.4279
3.8785
3.8785
3.8785
4.2809
4.2809
4.2809
5.2947
5.2947
5.2947
5.7293
5.7293
5.7293
6.5661
6.5661
6.5661
7.1294
7.1294
7.1294
7.8697
7.8697
7.8697
8.1433
8.1433
8.1433
8.1433
8.2962
8.4491
8.3847
8.3847
8.3847
8.9319
8.9319
8.9319
9.6561
9.6561
9.3181
8.9801
8.9801
8.9801
9.3020
9.3020
9.3020
9.4147
9.4147
9.8331
10.2515
10.2515
10.2515
10.0423
10.0423
10.0423
9.6561
9.6561
9.5676
9.4790
9.4790
9.8492
10.2193
10.2193
10.2193
10.2193
10.4607
10.4607
10.4607
10.6109
10.8899
11.0401
10.7826
10.7826
10.7826
11.6999
11.6999
11.6999
11.1849
11.1241
11.1045
11.1045
11.1045
11.1045
10.3159
10.3159
10.3159
10.5653
11.0936
11.5712
11.8305
12.0546
12.4402
13.7599
13.7599
13.7599
14.4358
15.0528
15.3853
15.3853
15.7635
16.1417
16.1417
16.1417
16.1417
16.4475
16.4475
16.4475
16.4809
16.5429
16.5762
16.0291
15.1081
14.5002
14.5002
14.8382
15.1761
15.1761
15.1761
15.1761
15.1636
15.1404
15.1278
15.8681
15.8962
15.9164
15.9866
16.0898
16.1739
16.2327
16.2820
16.3027
16.3027
16.1015
15.9003
15.9420
16.0195
16.0613
16.0613
16.0613
14.9347
14.9347
14.9347
14.8703
14.4711
13.8348
13.5024
13.5024
13.5024
13.5024
13.2570
12.7943
12.2632
12.2632
12.2632
12.1505
12.1505
12.1505
11.7482
11.7482
11.7482
12.2793
12.2793
12.2793
11.4102
11.3433
11.3079
11.2976
11.2976
11.2976
10.6378
10.6378
10.6378
10.7665
10.6121
10.3254
10.1711
10.1711
10.1711
10.1711
10.6297
11.0884
9.6883
9.6883
9.6883
9.8331
9.8331
9.8331
9.2859
9.2859
9.2859
8.5939
8.5939
8.5939
9.6883
9.6883
9.6883
8.3042
8.3042
8.3042
8.2559
8.2559
8.2559
8.3847
8.3388
8.2536
8.2077
8.2077
8.2077
8.2077
8.0548
7.9019
8.5617
8.5617
8.5617
7.8858
7.8858
7.8858
8.4169
8.4169
8.4169
7.5961
7.5961
7.4593
7.3225
7.3225
7.3225
7.9984
7.9984
7.9984
7.4030
7.4030
7.4030
7.3225
7.3225
7.3225
7.3386
7.3386
7.3386
7.3386
7.7007
8.0628
7.8214
7.8214
7.8214
8.7226
8.7226
8.7226
8.4973
8.4973
8.4973
7.4834
7.4834
7.4834
7.3225
7.3225
7.3225
5.9385
5.9385
5.9385
6.1638
6.1638
6.6225
7.0811
7.0811
7.0811
7.0811
8.1755
8.1755
8.1755
9.3181
10.3355
10.8792
10.8792
10.8792
10.8792
11.0723
11.0723
11.0723
9.7204
10.8550
11.9896
11.9896
11.9896
11.9896
11.6195
11.6195
11.6195
12.7621
12.7871
12.7943
12.7943
12.7701
12.7460
12.7460
13.0276
13.3093
13.3093
13.3093
13.3093
13.3292
13.3957
13.5185
14.6611
14.3473
14.0335
14.0335
14.0335
14.0335
14.2296
14.5938
14.7899
14.7899
14.6370
14.4841
14.4841
14.5138
14.5807
14.7639
15.0263
15.1600
15.1600
14.8221
14.4841
14.4841
14.7899
15.0956
15.0956
15.0635
15.0313
15.0313
14.8623
14.6933
14.6933
14.7979
14.9025
14.9025
14.9025
15.2083
15.1415
15.0176
14.9508
14.9508
14.9508
14.8060
14.8387
14.9073
14.9669
15.0098
15.0474
15.0635
15.0635
15.0635
15.1278
15.2503
15.3956
15.4658
15.3907
15.2512
15.1761
15.1761
15.1761
15.2727
15.2727
15.2727
14.9830
14.9997
15.0307
15.0474
15.0474
15.0474
15.6106
15.6106
15.6106
15.3370
15.3370
15.3370
15.0474
15.0474
15.0474
15.3370
15.3370
15.3370
15.4658
15.5742
15.6675
15.7072
15.5987
15.3972
15.2888
15.2888
15.2888
14.1783
14.1783
14.1783
14.7899
14.6438
14.3726
14.2266
14.2266
14.2266
15.0313
15.0313
15.0313
15.1439
15.1398
15.1320
15.1278
15.1278
15.1278
16.0934
16.0934
16.0934
16.3348
16.3348
16.3348
15.7877
15.7877
15.7877
15.7877
15.0313
15.0313
15.2566
15.2566
15.2566
15.3531
15.3531
15.3531
16.0452
16.0452
16.0452
16.1900
16.1900
16.3590
16.5280
16.5280
16.5280
16.5119
16.5119
16.5119
16.6889
16.6889
16.9303
17.1717
17.1717
17.1717
16.3027
16.3027
16.3027
16.3027
17.2522
17.2522
17.9925
17.9925
17.9925
17.9442
17.9442
17.9442
17.4936
17.4936
17.4936
17.6867
17.6867
17.6867
18.9742
18.9742
18.9742
18.4431
18.4431
18.4431
17.8959
17.8959
17.8959
17.6223
17.6223
17.6223
17.6545
17.6545
17.6545
16.5601
16.5601
16.1820
15.8038
15.8038
15.8038
15.8038
15.3049
15.3049
15.3049
13.8565
13.3499
13.1483
13.1483
13.1483
13.1483
12.9510
12.5177
12.0862
11.6588
11.2332
11.0401
11.0401
11.0401
11.0401
10.4446
10.4446
10.4446
9.3825
9.0246
8.8836
8.8836
8.3686
7.8536
7.8536
7.3306
6.8075
6.8075
6.3489
5.8902
5.8902
5.7051
5.5200
5.5200
4.5866
3.6532
3.6532
4.0555
4.4579
4.1491
3.5757
3.2670
3.2670
3.4520
3.6371
3.6371
2.9403
2.0117
1.5635
1.2172
1.0783
1.0783
1.0783
1.2231
1.2231
1.2231
1.0139
0.7844
0.5648
0.4667
0.4667
0.4667
0.9173
0.9173
0.9173
0.3380
0.3380
0.3380
0.2897
0.2897
0.2897
0.2253
0.2253
0.2253
0.0966
0.0966
0.0966
0.2414
0.2414
0.2414
0.1448
0.1448
0.1448
0.0966
0.0966
0.0966
0.0966
0.0966
0.0966
0.1287
0.1287
0.1287
0.0322
0.0989
0.2229
0.2897
0.2897
0.2897
0.0644
0.0644
0.0644
0.1931
0.1806
0.1574
0.1448
0.1448
0.1448
0.1287
0.1287
0.1287
0.1127
0.1127
0.1127
0.1127
0.1127
0.1127
0.1770
0.1770
0.1770
0.0483
0.0483
0.0483
0.4023
0.4023
0.4989
0.5955
0.5955
0.5955
0.1287
0.1287
0.1287
0.2092
0.2092
0.1448
0.0805
0.0805
0.0805
0.0966
0.0966
0.0966
0.3058
0.3058
0.3058
0.2253
0.2253
0.2253
0.2897
0.2897
0.2897
0.0805
0.0805
0.2414
0.4023
0.4023
0.4023
0.0322
0.0322
0.0322
0.0483
0.0483
0.1931
0.3380
0.3380
0.2253
0.1127
0.1127
0.1127
0.1448
0.1448
0.1448
0.3058
0.3058
0.3058
0.4506
0.4506
0.4506
0.4989
0.4989
0.4989
0.6437
0.6437
0.6437
0.4989
0.4989
0.4989
0.4989
0.8851
0.8851
0.8851
1.2714
1.2553
1.2392
1.2392
1.2955
1.3518
1.3518
1.3518
1.3518
1.3036
1.0679
0.8690
0.8690
1.2794
1.6898
1.6898
1.8347
1.9795
1.9795
1.9887
2.0117
2.1408
2.3516
2.4623
2.4623
2.1243
1.7864
1.7864
2.0600
2.3335
2.3335
2.1887
2.0439
2.0439
2.2289
2.4140
2.4140
2.6474
2.8807
2.8807
2.9853
3.0899
3.0899
3.2831
3.4762
3.4762
3.4359
3.3957
3.3957
3.3233
3.2509
3.2509
3.2911
3.3313
3.3313
3.3313
3.2670
3.2670
3.2670
3.9268
3.9268
3.9268
4.4901
4.4901
4.4901
5.2465
5.2465
5.2465
6.1638
6.1638
6.1638
6.5339
6.5339
6.5339
8.2559
8.2559
8.2559
8.3042
8.6342
9.1675
9.4468
9.4468
9.4468
9.3342
9.3342
9.3342
10.6056
11.0426
11.3257
11.4263
11.4263
11.4263
11.8448
11.8448
11.8448
12.5851
12.6608
12.7016
12.7138
12.7138
12.7138
13.2932
13.2932
13.2932
13.9208
13.9870
14.0228
14.0335
14.0335
14.0335
15.0152
15.2915
15.4597
15.5463
15.5955
15.6299
15.6428
15.6428
15.6428
16.3027
16.3027
16.3027
16.7211
16.7211
16.7211
16.6728
16.6728
16.6728
17.2522
17.2522
17.4372
17.6223
17.6223
17.7913
17.9603
17.9603
17.9603
18.5879
18.5879
18.5879
18.8454
18.8454
19.2156
19.5857
19.5857
19.5857
20.2777
20.2777
20.2777
20.4709
20.4709
20.7605
21.0502
21.0502
21.0502
21.4204
21.4204
21.4204
22.0802
22.0802
22.0802
23.1585
23.1585
23.1585
23.2228
23.2228
23.2228
23.4160
23.4160
23.4160
23.8666
23.8666
23.9631
24.0597
24.0597
24.0597
23.8988
23.8988
23.8988
24.5425
24.5425
24.5425
24.2528
24.2528
24.2528
25.6851
25.6851
25.6851
24.8966
24.8966
24.8966
25.3954
25.3954
25.3954
25.6368
25.6368
25.4598
25.2828
25.2828
25.1621
25.0414
25.0414
25.0414
24.7517
24.7517
24.7517
24.7517
25.1862
25.1380
25.0897
25.0897
25.0897
25.0897
25.2828
25.2828
25.2828
25.5886
26.0938
26.4254
26.4254
26.5944
26.7634
26.7634
26.7634
26.7634
26.7838
26.8363
26.9082
27.0928
27.3546
27.4876
27.3267
27.3267
27.3267
27.2849
27.2075
27.1657
27.2450
27.3922
27.4715
27.3749
27.3749
27.3749
26.7634
26.8760
26.9887
26.9887
26.9726
26.9565
26.9565
26.9565
26.9565
27.1657
27.1416
27.1174
27.1174
27.1014
27.0853
27.0853
27.4071
27.7290
27.7290
27.4715
27.2140
27.2140
27.1174
27.0209
27.0209
27.0048
26.9887
26.9887
27.3267
27.6646
27.5078
27.2044
27.0048
26.9471
26.9071
26.8921
26.8921
26.8921
26.8921
26.9694
27.0692
27.1014
27.1014
27.1014
26.2967
26.2967
26.2967
27.2784
27.2784
27.2784
27.1818
27.2903
27.4918
27.6002
27.6002
27.6002
27.2140
27.2140
27.2140
27.1979
27.1979
27.1979
27.2623
27.2623
27.2623
27.3267
27.3267
27.3267
27.1335
27.1335
27.1335
27.3428
27.4867
27.6016
27.6485
27.6485
27.6485
27.8899
27.9439
27.9759
27.9865
27.9865
27.9865
27.9543
27.9543
27.9543
27.9704
28.0860
28.2741
28.3727
28.3727
28.3727
28.3405
28.3405
28.3405
28.4532
28.6687
28.9248
29.0487
29.0487
29.0487
28.2118
28.2118
28.2118
28.7268
28.7268
28.9521
29.1774
29.1774
28.7429
28.3084
28.3084
28.3084
28.3888
28.3888
28.3888
29.1613
29.1613
29.1613
29.0969
29.0969
29.0969
29.4832
29.4832
29.4832
28.8073
28.8073
28.8073
27.8577
27.8577
27.8577
27.4876
27.4876
27.5439
27.6002
27.6002
27.7531
27.9060
27.9060
27.9060
27.8899
27.8899
27.8899
28.5980
28.5980
28.4452
28.2923
28.2923
28.2923
28.2118
28.2118
28.2118
27.5037
27.5037
27.0370
26.5703
26.5703
26.5703
26.0070
26.0070
26.0070
25.5081
25.5081
26.3771
27.2462
27.2462
27.2462
27.2462
27.2623
27.2623
27.2623
26.1357
26.1357
26.4415
26.4415
26.4415
25.9748
25.9748
25.9748
25.9748
27.0692
27.4170
27.5520
27.5520
27.5520
27.5520
27.5359
27.5359
27.5359
27.5526
27.5836
27.6002
27.5043
27.3261
27.2301
28.1957
28.1957
28.1957
27.3106
27.7934
28.2762
28.2762
28.2762
28.2762
27.6324
28.2520
28.8716
28.8716
28.8106
28.7107
28.6177
28.5265
28.4854
28.4854
28.4934
28.5015
28.5015
28.6383
28.7751
28.7751
28.7429
28.7107
28.7107
28.7751
28.8394
28.8394
28.8555
28.8716
28.8299
28.7524
28.7107
28.7107
28.7107
28.6463
28.6463
28.6463
28.0026
28.0026
28.0026
28.4210
28.4210
28.4210
28.4210
28.4210
28.4210
28.5015
28.5015
28.5015
27.8738
27.8738
27.8738
28.2923
28.2923
28.2923
27.9060
27.8101
27.7586
27.6807
27.4420
27.1188
26.9565
26.9565
26.9565
26.9887
26.9887
26.9887
26.3128
26.3128
26.3128
26.4898
26.4898
26.4898
26.0392
26.1185
26.2657
26.3450
26.3450
26.3450
26.0392
26.0392
26.0392
25.8300
25.8300
25.8300
25.5081
25.5081
25.5081
25.7012
25.7012
25.7012
25.4759
25.2819
25.1134
25.0414
25.0414
25.0414
25.5403
25.5403
25.5403
23.9631
24.3178
24.9764
25.3311
25.3311
25.3311
24.5425
24.4850
24.4547
24.4459
24.4459
24.4459
24.4459
24.4459
24.4459
24.6552
24.6552
24.8000
24.9448
24.9448
24.9448
24.5425
24.5425
24.5425
24.9126
24.9126
24.8885
24.8644
24.8644
24.8644
25.3794
25.3794
25.3794
24.6712
24.6712
24.6712
24.7356
24.7356
24.7356
24.5586
24.5586
24.5586
25.1058
25.1058
25.1058
24.7517
24.7517
24.7517
24.6391
24.6391
24.6712
24.7034
24.7034
24.7034
25.0897
25.0897
25.0897
24.8000
24.8000
24.8000
25.1058
25.1058
25.1058
25.0736
25.0736
25.3150
25.5564
25.5564
25.5564
25.4115
25.4115
25.4115
24.5264
24.5264
24.5264
24.9770
24.9770
24.9770
24.6552
24.6552
24.6552
25.0575
25.0575
25.0575
25.0575
24.5264
24.5264
24.5264
24.6391
24.8483
24.9609
24.4137
24.4137
24.4137
24.3172
24.3333
24.3494
24.3494
24.3494
24.3494
24.3494
24.3494
24.3494
24.2045
24.3011
24.3977
24.3977
24.2126
24.0275
24.0275
23.9792
23.9309
23.9309
23.8060
23.6091
23.4449
23.2909
23.2228
23.2228
23.4884
23.7539
23.7539
23.3999
23.0458
23.0458
22.9171
22.7883
22.7883
22.3216
21.8549
21.8549
21.9917
22.1285
22.1285
21.8909
21.5008
21.1359
20.7775
20.6157
20.6157
20.8651
21.1146
21.1146
21.1146
20.5191
20.5191
20.5191
19.3926
19.3926
19.3926
19.3443
19.3443
19.3443
18.7328
18.7328
18.7328
17.9442
17.9442
17.9442
18.5557
18.5557
18.5557
17.5579
17.5579
17.5579
17.9603
17.9603
17.9603
16.2544
16.2544
16.2544
16.7533
16.7533
16.7533
16.1900
16.1900
16.1900
15.3210
15.3210
15.3210
14.5485
14.5485
14.5485
14.1300
14.1300
14.1300
14.7738
14.7738
14.7738
12.7460
12.5197
12.3968
12.3598
12.3848
12.4313
12.4563
12.4563
12.4563
13.0357
13.0357
13.0357
12.2954
12.2954
12.2954
11.8287
11.8287
11.8287
12.3919
12.3919
12.3919
12.6012
12.6012
12.6012
12.4080
12.4080
12.4080
12.7943
12.7943
12.7943
12.3598
12.3598
12.3598
12.0218
12.0218
12.0218
12.3759
12.3759
11.9091
11.4424
11.4424
11.4424
11.0401
11.0401
11.0401
11.7321
11.7321
11.7241
11.7160
11.7160
11.7160
11.6517
11.6517
11.6517
11.9896
11.9896
11.9896
11.3137
11.3137
11.1688
11.0240
11.0240
11.0240
12.0218
12.0218
12.0218
11.0079
11.0079
11.4022
11.7965
11.7965
11.7965
11.8287
11.8287
11.8287
11.9091
11.9091
11.9091
11.4746
11.4746
11.4746
10.6539
10.6539
10.6539
10.8953
10.8953
10.8953
11.1367
11.1367
12.6736
14.2105
